amount demanded[fixed,d1]
0	0
0.125	5.20833
0.25	10.4167
0.375	15.625
0.5	20.8333
0.625	26.0417
0.75	31.25
0.875	36.4583
1	41.6667
1.125	46.875
1.25	52.0833
1.375	57.2917
1.5	62.5
1.625	67.7083
1.75	72.9167
1.875	78.125
2	83.3333
2.125	88.5417
2.25	93.75
2.375	98.9583
2.5	104.167
2.625	109.375
2.75	114.583
2.875	119.792
3	125
3.125	130.208
3.25	135.417
3.375	140.625
3.5	145.833
3.625	151.042
3.75	156.25
3.875	161.458
4	166.667
4.125	171.875
4.25	177.083
4.375	182.292
4.5	187.5
4.625	192.708
4.75	197.917
4.875	203.125
5	208.333
5.125	213.542
5.25	218.75
5.375	223.958
5.5	229.167
5.625	234.375
5.75	239.583
5.875	244.792
6	250
6.125	255.208
6.25	260.417
6.375	265.625
6.5	270.833
6.625	276.042
6.75	281.25
6.875	286.458
7	291.667
7.125	296.875
7.25	302.083
7.375	307.292
7.5	312.5
7.625	317.708
7.75	322.917
7.875	328.125
8	333.333
8.125	338.542
8.25	343.75
8.375	348.958
8.5	354.167
8.625	359.375
8.75	364.583
8.875	369.792
9	375
9.125	380.208
9.25	385.417
9.375	390.625
9.5	395.833
9.625	401.042
9.75	406.25
9.875	411.458
10	416.667
10.125	421.875
10.25	427.083
10.375	432.292
10.5	437.5
10.625	442.708
10.75	447.917
10.875	453.125
11	458.333
11.125	463.542
11.25	468.75
11.375	473.958
11.5	479.167
11.625	484.375
11.75	489.583
11.875	494.792
12	500
amount demanded[fixed,d2]
0	0
0.125	3.125
0.25	6.25
0.375	9.375
0.5	12.5
0.625	15.625
0.75	18.75
0.875	21.875
1	25
1.125	28.125
1.25	31.25
1.375	34.375
1.5	37.5
1.625	40.625
1.75	43.75
1.875	46.875
2	50
2.125	53.125
2.25	56.25
2.375	59.375
2.5	62.5
2.625	65.625
2.75	68.75
2.875	71.875
3	75
3.125	78.125
3.25	81.25
3.375	84.375
3.5	87.5
3.625	90.625
3.75	93.75
3.875	96.875
4	100
4.125	103.125
4.25	106.25
4.375	109.375
4.5	112.5
4.625	115.625
4.75	118.75
4.875	121.875
5	125
5.125	128.125
5.25	131.25
5.375	134.375
5.5	137.5
5.625	140.625
5.75	143.75
5.875	146.875
6	150
6.125	153.125
6.25	156.25
6.375	159.375
6.5	162.5
6.625	165.625
6.75	168.75
6.875	171.875
7	175
7.125	178.125
7.25	181.25
7.375	184.375
7.5	187.5
7.625	190.625
7.75	193.75
7.875	196.875
8	200
8.125	203.125
8.25	206.25
8.375	209.375
8.5	212.5
8.625	215.625
8.75	218.75
8.875	221.875
9	225
9.125	228.125
9.25	231.25
9.375	234.375
9.5	237.5
9.625	240.625
9.75	243.75
9.875	246.875
10	250
10.125	253.125
10.25	256.25
10.375	259.375
10.5	262.5
10.625	265.625
10.75	268.75
10.875	271.875
11	275
11.125	278.125
11.25	281.25
11.375	284.375
11.5	287.5
11.625	290.625
11.75	293.75
11.875	296.875
12	300
amount demanded[rectangular,d1]
0	0
0.125	4.99683
0.25	9.59158
0.375	13.8134
0.5	17.6887
0.625	21.2414
0.75	24.4932
0.875	27.4642
1	30.1724
1.125	32.6345
1.25	34.8657
1.375	36.8801
1.5	38.6905
1.625	40.3089
1.75	41.7462
1.875	43.0126
2	44.1176
2.125	45.0699
2.25	45.8777
2.375	46.5483
2.5	47.089
2.625	47.5063
2.75	47.8063
2.875	47.9947
3	48.0769
3.125	48.058
3.25	47.9425
3.375	47.7351
3.5	47.4398
3.625	47.0605
3.75	46.6009
3.875	46.0645
4	45.4545
4.125	44.7742
4.25	44.0262
4.375	43.2136
4.5	42.3387
4.625	41.4042
4.75	40.4123
4.875	39.3653
5	38.2653
5.125	37.1143
5.25	35.9142
5.375	34.6668
5.5	33.3738
5.625	32.0369
5.75	30.6576
5.875	29.2374
6	27.7778
6.125	26.28
6.25	24.7455
6.375	23.1753
6.5	21.5708
6.625	19.933
6.75	18.263
6.875	16.5618
7	14.8305
7.125	13.07
7.25	11.2811
7.375	9.46484
7.5	7.62195
7.625	5.75327
7.75	3.85956
7.875	1.94157
8	0
8.125	0
8.25	0
8.375	0
8.5	0
8.625	0
8.75	0
8.875	0
9	0
9.125	0
9.25	0
9.375	0
9.5	0
9.625	0
9.75	0
9.875	0
10	0
10.125	0
10.25	0
10.375	0
10.5	0
10.625	0
10.75	0
10.875	0
11	0
11.125	0
11.25	0
11.375	0
11.5	0
11.625	0
11.75	0
11.875	0
12	0
amount demanded[rectangular,d2]
0	0
0.125	3.125
0.25	6.25
0.375	9.375
0.5	12.5
0.625	15.625
0.75	18.75
0.875	21.875
1	25
1.125	28.125
1.25	31.25
1.375	34.375
1.5	37.5
1.625	40.625
1.75	43.75
1.875	46.875
2	50
2.125	53.125
2.25	56.25
2.375	59.375
2.5	62.5
2.625	65.625
2.75	68.75
2.875	71.875
3	75
3.125	78.125
3.25	81.25
3.375	84.375
3.5	87.5
3.625	90.625
3.75	93.75
3.875	96.875
4	100
4.125	103.125
4.25	106.25
4.375	109.375
4.5	112.5
4.625	115.625
4.75	118.75
4.875	121.875
5	125
5.125	128.125
5.25	131.25
5.375	134.375
5.5	137.5
5.625	140.625
5.75	143.75
5.875	146.875
6	150
6.125	153.125
6.25	156.25
6.375	159.375
6.5	162.5
6.625	165.625
6.75	168.75
6.875	171.875
7	175
7.125	178.125
7.25	181.25
7.375	184.375
7.5	187.5
7.625	190.625
7.75	193.75
7.875	196.875
8	200
8.125	201.863
8.25	203.703
8.375	205.521
8.5	207.317
8.625	209.091
8.75	210.843
8.875	212.575
9	214.285
9.125	215.976
9.25	217.647
9.375	219.298
9.5	220.93
9.625	222.543
9.75	224.138
9.875	225.714
10	227.273
10.125	228.813
10.25	230.337
10.375	231.843
10.5	233.333
10.625	234.806
10.75	236.264
10.875	237.705
11	239.13
11.125	240.54
11.25	241.935
11.375	243.315
11.5	244.681
11.625	246.032
11.75	247.368
11.875	248.691
12	250
amount demanded[triangular,d1]
0	0
0.125	4.99684
0.25	9.59163
0.375	13.8134
0.5	17.6887
0.625	21.2414
0.75	24.4933
0.875	27.4642
1	30.1725
1.125	32.6345
1.25	34.8659
1.375	36.8801
1.5	38.6907
1.625	40.3089
1.75	41.7461
1.875	43.0126
2	44.1176
2.125	45.0699
2.25	45.8777
2.375	46.5483
2.5	47.0888
2.625	47.5062
2.75	47.8063
2.875	47.9947
3	48.0769
3.125	48.058
3.25	47.9425
3.375	47.7351
3.5	47.4397
3.625	47.0604
3.75	46.6009
3.875	46.0644
4	45.4543
4.125	44.7741
4.25	44.0261
4.375	43.2133
4.5	42.3383
4.625	41.4041
4.75	40.4121
4.875	39.365
5	38.2652
5.125	37.1142
5.25	35.9139
5.375	34.6664
5.5	33.3737
5.625	32.0367
5.75	30.6572
5.875	29.2373
6	27.7775
6.125	26.2797
6.25	24.7453
6.375	23.175
6.5	21.5703
6.625	19.9327
6.75	18.2625
6.875	16.5615
7	14.83
7.125	13.0696
7.25	11.2808
7.375	9.46432
7.5	7.62141
7.625	5.75319
7.75	3.85901
7.875	1.94185
8	0.000419138
8.125	0
8.25	0
8.375	0
8.5	0
8.625	0
8.75	0
8.875	0
9	0
9.125	0
9.25	0
9.375	0
9.5	0
9.625	0
9.75	0
9.875	0
10	0
10.125	0
10.25	0
10.375	0
10.5	0
10.625	0
10.75	0
10.875	0
11	0
11.125	0
11.25	0
11.375	0
11.5	0
11.625	0
11.75	0
11.875	0
12	0
amount demanded[triangular,d2]
0	0
0.125	3.125
0.25	6.25
0.375	9.375
0.5	12.5
0.625	15.625
0.75	18.75
0.875	21.875
1	25
1.125	28.125
1.25	31.25
1.375	34.375
1.5	37.5
1.625	40.625
1.75	43.75
1.875	46.875
2	50
2.125	53.125
2.25	56.25
2.375	59.375
2.5	62.5
2.625	65.625
2.75	68.75
2.875	71.875
3	75
3.125	78.125
3.25	81.25
3.375	84.375
3.5	87.5
3.625	90.625
3.75	93.75
3.875	96.875
4	100
4.125	103.125
4.25	106.25
4.375	109.375
4.5	112.5
4.625	115.625
4.75	118.75
4.875	121.875
5	125
5.125	128.125
5.25	131.25
5.375	134.375
5.5	137.5
5.625	140.625
5.75	143.75
5.875	146.875
6	150
6.125	153.125
6.25	156.25
6.375	159.375
6.5	162.5
6.625	165.625
6.75	168.75
6.875	171.875
7	175
7.125	178.125
7.25	181.25
7.375	184.375
7.5	187.5
7.625	190.625
7.75	193.75
7.875	196.875
8	200
8.125	201.864
8.25	203.704
8.375	205.522
8.5	207.317
8.625	209.091
8.75	210.843
8.875	212.575
9	214.286
9.125	215.976
9.25	217.647
9.375	219.298
9.5	220.93
9.625	222.544
9.75	224.138
9.875	225.715
10	227.273
10.125	228.814
10.25	230.337
10.375	231.844
10.5	233.334
10.625	234.807
10.75	236.264
10.875	237.705
11	239.131
11.125	240.541
11.25	241.936
11.375	243.316
11.5	244.681
11.625	246.032
11.75	247.369
11.875	248.691
12	250
amount demanded[normal,d1]
0	0
0.125	5.01791
0.25	9.69633
0.375	14.0788
0.5	18.198
0.625	22.0808
0.75	25.7497
0.875	29.2238
1	32.52
1.125	35.6529
1.25	38.6353
1.375	41.4787
1.5	44.1931
1.625	46.7879
1.75	49.2712
1.875	51.6504
2	53.9323
2.125	56.123
2.25	58.2283
2.375	60.2528
2.5	62.2016
2.625	64.079
2.75	65.8889
2.875	67.6348
3	69.3203
3.125	70.9485
3.25	72.5222
3.375	74.0442
3.5	75.5168
3.625	76.9426
3.75	78.324
3.875	79.6629
4	80.9611
4.125	82.2203
4.25	83.4429
4.375	84.6298
4.5	85.7829
4.625	86.9034
4.75	87.9927
4.875	89.0522
5	90.0829
5.125	91.0859
5.25	92.0625
5.375	93.0135
5.5	93.9399
5.625	94.8427
5.75	95.7227
5.875	96.5809
6	97.4177
6.125	98.234
6.25	99.0305
6.375	99.808
6.5	100.567
6.625	101.308
6.75	102.032
6.875	102.74
7	103.431
7.125	104.107
7.25	104.767
7.375	105.413
7.5	106.045
7.625	106.663
7.75	107.267
7.875	107.859
8	108.438
8.125	109.005
8.25	109.56
8.375	110.103
8.5	110.635
8.625	111.156
8.75	111.667
8.875	112.168
9	112.658
9.125	113.139
9.25	113.61
9.375	114.072
9.5	114.525
9.625	114.97
9.75	115.405
9.875	115.833
10	116.252
10.125	116.664
10.25	117.068
10.375	117.464
10.5	117.853
10.625	118.235
10.75	118.61
10.875	118.978
11	119.339
11.125	119.694
11.25	120.043
11.375	120.385
11.5	120.721
11.625	121.052
11.75	121.377
11.875	121.696
12	122.009
amount demanded[normal,d2]
0	0
0.125	3.1168
0.25	6.20912
0.375	9.27098
0.5	12.2992
0.625	15.2919
0.75	18.2481
0.875	21.1671
1	24.0488
1.125	26.8932
1.25	29.7006
1.375	32.4713
1.5	35.2059
1.625	37.9048
1.75	40.5686
1.875	43.1979
2	45.7935
2.125	48.3559
2.25	50.8859
2.375	53.384
2.5	55.851
2.625	58.2875
2.75	60.6942
2.875	63.0718
3	65.4207
3.125	67.7418
3.25	70.0355
3.375	72.3026
3.5	74.5435
3.625	76.7588
3.75	78.949
3.875	81.1146
4	83.2563
4.125	85.3746
4.25	87.4698
4.375	89.5423
4.5	91.5928
4.625	93.6215
4.75	95.6291
4.875	97.6159
5	99.5823
5.125	101.529
5.25	103.456
5.375	105.363
5.5	107.252
5.625	109.123
5.75	110.975
5.875	112.809
6	114.626
6.125	116.426
6.25	118.209
6.375	119.976
6.5	121.726
6.625	123.461
6.75	125.18
6.875	126.883
7	128.572
7.125	130.245
7.25	131.904
7.375	133.549
7.5	135.179
7.625	136.796
7.75	138.399
7.875	139.989
8	141.565
8.125	143.129
8.25	144.679
8.375	146.218
8.5	147.743
8.625	149.257
8.75	150.759
8.875	152.248
9	153.727
9.125	155.193
9.25	156.649
9.375	158.093
9.5	159.527
9.625	160.949
9.75	162.361
9.875	163.763
10	165.154
10.125	166.535
10.25	167.906
10.375	169.267
10.5	170.618
10.625	171.96
10.75	173.292
10.875	174.615
11	175.929
11.125	177.234
11.25	178.529
11.375	179.816
11.5	181.094
11.625	182.363
11.75	183.624
11.875	184.876
12	186.12
amount demanded[exponential,d1]
0	0
0.125	5.09341
0.25	9.96455
0.375	14.6243
0.5	19.0828
0.625	23.3496
0.75	27.4336
0.875	31.3432
1	35.0863
1.125	38.6703
1.25	42.1022
1.375	45.3885
1.5	48.5355
1.625	51.549
1.75	54.4345
1.875	57.1973
2	59.8423
2.125	62.3743
2.25	64.7976
2.375	67.1164
2.5	69.3348
2.625	71.4565
2.75	73.4852
2.875	75.4243
3	77.277
3.125	79.0466
3.25	80.7357
3.375	82.3477
3.5	83.8845
3.625	85.3492
3.75	86.7444
3.875	88.0719
4	89.3343
4.125	90.5338
4.25	91.6721
4.375	92.7517
4.5	93.7736
4.625	94.7501
4.75	95.6928
4.875	96.6038
5	97.4849
5.125	98.3377
5.25	99.164
5.375	99.9652
5.5	100.743
5.625	101.498
5.75	102.232
5.875	102.946
6	103.642
6.125	104.32
6.25	104.981
6.375	105.627
6.5	106.257
6.625	106.874
6.75	107.477
6.875	108.068
7	108.647
7.125	109.215
7.25	109.772
7.375	110.32
7.5	110.858
7.625	111.387
7.75	111.907
7.875	112.42
8	112.925
8.125	113.424
8.25	113.915
8.375	114.4
8.5	114.879
8.625	115.353
8.75	115.821
8.875	116.284
9	116.743
9.125	117.196
9.25	117.646
9.375	118.092
9.5	118.534
9.625	118.972
9.75	119.407
9.875	119.838
10	120.267
10.125	120.693
10.25	121.116
10.375	121.537
10.5	121.955
10.625	122.371
10.75	122.785
10.875	123.197
11	123.607
11.125	124.015
11.25	124.422
11.375	124.826
11.5	125.23
11.625	125.632
11.75	126.033
11.875	126.432
12	126.831
amount demanded[exponential,d2]
0	0
0.125	3.09963
0.25	6.1502
0.375	9.15412
0.5	12.1136
0.625	15.0308
0.75	17.9076
0.875	20.7459
1	23.5475
1.125	26.314
1.25	29.0469
1.375	31.7476
1.5	34.4177
1.625	37.0582
1.75	39.6705
1.875	42.2557
2	44.8149
2.125	47.3491
2.25	49.8594
2.375	52.3466
2.5	54.8117
2.625	57.2553
2.75	59.6785
2.875	62.0819
3	64.4662
3.125	66.8322
3.25	69.1804
3.375	71.5116
3.5	73.8262
3.625	76.1249
3.75	78.4082
3.875	80.6766
4	82.9306
4.125	85.1707
4.25	87.3974
4.375	89.611
4.5	91.812
4.625	93.9969
4.75	96.1618
4.875	98.3066
5	100.432
5.125	102.537
5.25	104.622
5.375	106.688
5.5	108.734
5.625	110.76
5.75	112.767
5.875	114.755
6	116.723
6.125	118.673
6.25	120.603
6.375	122.515
6.5	124.407
6.625	126.281
6.75	128.137
6.875	129.974
7	131.793
7.125	133.594
7.25	135.377
7.375	137.142
7.5	138.889
7.625	140.619
7.75	142.332
7.875	144.027
8	145.705
8.125	147.366
8.25	149.01
8.375	150.637
8.5	152.248
8.625	153.843
8.75	155.421
8.875	156.983
9	158.529
9.125	160.06
9.25	161.574
9.375	163.074
9.5	164.558
9.625	166.026
9.75	167.48
9.875	168.918
10	170.342
10.125	171.752
10.25	173.146
10.375	174.527
10.5	175.893
10.625	177.245
10.75	178.583
10.875	179.908
11	181.218
11.125	182.516
11.25	183.8
11.375	185.07
11.5	186.328
11.625	187.572
11.75	188.804
11.875	190.023
12	191.229
amount supplied[fixed,s1]
0	200
0.125	200
0.25	200
0.375	200
0.5	200
0.625	200
0.75	200
0.875	200
1	200
1.125	200
1.25	200
1.375	200
1.5	200
1.625	200
1.75	200
1.875	200
2	200
2.125	200
2.25	200
2.375	200
2.5	200
2.625	200
2.75	200
2.875	200
3	200
3.125	200
3.25	200
3.375	200
3.5	200
3.625	200
3.75	200
3.875	200
4	200
4.125	200
4.25	200
4.375	200
4.5	200
4.625	200
4.75	200
4.875	200
5	200
5.125	200
5.25	200
5.375	200
5.5	200
5.625	200
5.75	200
5.875	200
6	200
6.125	200
6.25	200
6.375	200
6.5	200
6.625	200
6.75	200
6.875	200
7	200
7.125	200
7.25	200
7.375	200
7.5	200
7.625	200
7.75	200
7.875	200
8	200
8.125	200
8.25	200
8.375	200
8.5	200
8.625	200
8.75	200
8.875	200
9	200
9.125	200
9.25	200
9.375	200
9.5	200
9.625	200
9.75	200
9.875	200
10	200
10.125	200
10.25	200
10.375	200
10.5	200
10.625	200
10.75	200
10.875	200
11	200
11.125	200
11.25	200
11.375	200
11.5	200
11.625	200
11.75	200
11.875	200
12	200
amount supplied[fixed,s2]
0	300
0.125	300
0.25	300
0.375	300
0.5	300
0.625	300
0.75	300
0.875	300
1	300
1.125	300
1.25	300
1.375	300
1.5	300
1.625	300
1.75	300
1.875	300
2	300
2.125	300
2.25	300
2.375	300
2.5	300
2.625	300
2.75	300
2.875	300
3	300
3.125	300
3.25	300
3.375	300
3.5	300
3.625	300
3.75	300
3.875	300
4	300
4.125	300
4.25	300
4.375	300
4.5	300
4.625	300
4.75	300
4.875	300
5	300
5.125	300
5.25	300
5.375	300
5.5	300
5.625	300
5.75	300
5.875	300
6	300
6.125	300
6.25	300
6.375	300
6.5	300
6.625	300
6.75	300
6.875	300
7	300
7.125	300
7.25	300
7.375	300
7.5	300
7.625	300
7.75	300
7.875	300
8	300
8.125	300
8.25	300
8.375	300
8.5	300
8.625	300
8.75	300
8.875	300
9	300
9.125	300
9.25	300
9.375	300
9.5	300
9.625	300
9.75	300
9.875	300
10	300
10.125	300
10.25	300
10.375	300
10.5	300
10.625	300
10.75	300
10.875	300
11	300
11.125	300
11.25	300
11.375	300
11.5	300
11.625	300
11.75	300
11.875	300
12	300
amount supplied[fixed,s3]
0	450
0.125	450
0.25	450
0.375	450
0.5	450
0.625	450
0.75	450
0.875	450
1	450
1.125	450
1.25	450
1.375	450
1.5	450
1.625	450
1.75	450
1.875	450
2	450
2.125	450
2.25	450
2.375	450
2.5	450
2.625	450
2.75	450
2.875	450
3	450
3.125	450
3.25	450
3.375	450
3.5	450
3.625	450
3.75	450
3.875	450
4	450
4.125	450
4.25	450
4.375	450
4.5	450
4.625	450
4.75	450
4.875	450
5	450
5.125	450
5.25	450
5.375	450
5.5	450
5.625	450
5.75	450
5.875	450
6	450
6.125	450
6.25	450
6.375	450
6.5	450
6.625	450
6.75	450
6.875	450
7	450
7.125	450
7.25	450
7.375	450
7.5	450
7.625	450
7.75	450
7.875	450
8	450
8.125	450
8.25	450
8.375	450
8.5	450
8.625	450
8.75	450
8.875	450
9	450
9.125	450
9.25	450
9.375	450
9.5	450
9.625	450
9.75	450
9.875	450
10	450
10.125	450
10.25	450
10.375	450
10.5	450
10.625	450
10.75	450
10.875	450
11	450
11.125	450
11.25	450
11.375	450
11.5	450
11.625	450
11.75	450
11.875	450
12	450
amount supplied[rectangular,s1]
0	0
0.125	8.12183
0.25	15.8416
0.375	23.1884
0.5	30.1887
0.625	36.8664
0.75	43.2432
0.875	49.3392
1	55.1724
1.125	60.7595
1.25	66.1157
1.375	71.2551
1.5	76.1905
1.625	80.9339
1.75	85.4962
1.875	89.8876
2	94.1176
2.125	98.1949
2.25	102.128
2.375	105.923
2.5	109.589
2.625	113.131
2.75	116.556
2.875	119.87
3	123.077
3.125	126.183
3.25	129.193
3.375	132.11
3.5	134.94
3.625	137.685
3.75	140.351
3.875	142.939
4	145.455
4.125	147.899
4.25	150.276
4.375	152.589
4.5	154.839
4.625	157.029
4.75	159.162
4.875	161.24
5	163.265
5.125	165.239
5.25	167.164
5.375	169.042
5.5	170.874
5.625	172.662
5.75	174.408
5.875	176.112
6	177.778
6.125	179.405
6.25	180.995
6.375	182.55
6.5	184.071
6.625	185.558
6.75	187.013
6.875	188.437
7	189.831
7.125	191.195
7.25	192.531
7.375	193.84
7.5	195.122
7.625	196.378
7.75	197.61
7.875	198.817
8	200
8.125	200
8.25	200
8.375	200
8.5	200
8.625	200
8.75	200
8.875	200
9	200
9.125	200
9.25	200
9.375	200
9.5	200
9.625	200
9.75	200
9.875	200
10	200
10.125	200
10.25	200
10.375	200
10.5	200
10.625	200
10.75	200
10.875	200
11	200
11.125	200
11.25	200
11.375	200
11.5	200
11.625	200
11.75	200
11.875	200
12	200
amount supplied[rectangular,s2]
0	0
0.125	0
0.25	0
0.375	0
0.5	0
0.625	0
0.75	0
0.875	0
1	0
1.125	0
1.25	0
1.375	0
1.5	0
1.625	0
1.75	0
1.875	0
2	0
2.125	0
2.25	0
2.375	0
2.5	0
2.625	0
2.75	0
2.875	0
3	0
3.125	0
3.25	0
3.375	0
3.5	0
3.625	0
3.75	0
3.875	0
4	0
4.125	0
4.25	0
4.375	0
4.5	0
4.625	0
4.75	0
4.875	0
5	0
5.125	0
5.25	0
5.375	0
5.5	0
5.625	0
5.75	0
5.875	0
6	0
6.125	0
6.25	0
6.375	0
6.5	0
6.625	0
6.75	0
6.875	0
7	0
7.125	0
7.25	0
7.375	0
7.5	0
7.625	0
7.75	0
7.875	0
8	0.000305179
8.125	1.86366
8.25	3.70401
8.375	5.52178
8.5	7.31738
8.625	9.09122
8.75	10.8437
8.875	12.5752
9	14.286
9.125	15.9766
9.25	17.6474
9.375	19.2985
9.5	20.9305
9.625	22.5436
9.75	24.1382
9.875	25.7146
10	27.273
10.125	28.8138
10.25	30.3373
10.375	31.8438
10.5	33.3336
10.625	34.8069
10.75	36.264
10.875	37.7051
11	39.1306
11.125	40.5407
11.25	41.9357
11.375	43.3157
11.5	44.681
11.625	46.0319
11.75	47.3686
11.875	48.6912
12	50.0001
amount supplied[rectangular,s3]
0	0
0.125	0
0.25	0
0.375	0
0.5	0
0.625	0
0.75	0
0.875	0
1	0
1.125	0
1.25	0
1.375	0
1.5	0
1.625	0
1.75	0
1.875	0
2	0
2.125	0
2.25	0
2.375	0
2.5	0
2.625	0
2.75	0
2.875	0
3	0
3.125	0
3.25	0
3.375	0
3.5	0
3.625	0
3.75	0
3.875	0
4	0
4.125	0
4.25	0
4.375	0
4.5	0
4.625	0
4.75	0
4.875	0
5	0
5.125	0
5.25	0
5.375	0
5.5	0
5.625	0
5.75	0
5.875	0
6	0
6.125	0
6.25	0
6.375	0
6.5	0
6.625	0
6.75	0
6.875	0
7	0
7.125	0
7.25	0
7.375	0
7.5	0
7.625	0
7.75	0
7.875	0
8	0
8.125	0
8.25	0
8.375	0
8.5	0
8.625	0
8.75	0
8.875	0
9	0
9.125	0
9.25	0
9.375	0
9.5	0
9.625	0
9.75	0
9.875	0
10	0
10.125	0
10.25	0
10.375	0
10.5	0
10.625	0
10.75	0
10.875	0
11	0
11.125	0
11.25	0
11.375	0
11.5	0
11.625	0
11.75	0
11.875	0
12	0
amount supplied[triangular,s1]
0	0
0.125	8.12145
0.25	15.8407
0.375	23.1882
0.5	30.1882
0.625	36.866
0.75	43.243
0.875	49.339
1	55.172
1.125	60.7593
1.25	66.1151
1.375	71.2549
1.5	76.1898
1.625	80.9338
1.75	85.4964
1.875	89.8876
2	94.1176
2.125	98.1949
2.25	102.128
2.375	105.923
2.5	109.59
2.625	113.132
2.75	116.556
2.875	119.87
3	123.077
3.125	126.183
3.25	129.193
3.375	132.11
3.5	134.94
3.625	137.686
3.75	140.351
3.875	142.94
4	145.455
4.125	147.899
4.25	150.276
4.375	152.589
4.5	154.839
4.625	157.029
4.75	159.162
4.875	161.241
5	163.265
5.125	165.239
5.25	167.164
5.375	169.042
5.5	170.874
5.625	172.662
5.75	174.408
5.875	176.113
6	177.778
6.125	179.405
6.25	180.996
6.375	182.551
6.5	184.071
6.625	185.558
6.75	187.013
6.875	188.437
7	189.831
7.125	191.195
7.25	192.531
7.375	193.84
7.5	195.122
7.625	196.378
7.75	197.61
7.875	198.816
8	200
8.125	200
8.25	200
8.375	200
8.5	200
8.625	200
8.75	200
8.875	200
9	200
9.125	200
9.25	200
9.375	200
9.5	200
9.625	200
9.75	200
9.875	200
10	200
10.125	200
10.25	200
10.375	200
10.5	200
10.625	200
10.75	200
10.875	200
11	200
11.125	200
11.25	200
11.375	200
11.5	200
11.625	200
11.75	200
11.875	200
12	200
amount supplied[triangular,s2]
0	0
0.125	0
0.25	0
0.375	0
0.5	0
0.625	0
0.75	0
0.875	0
1	0
1.125	0
1.25	0
1.375	0
1.5	0
1.625	0
1.75	0
1.875	0
2	0
2.125	0
2.25	0
2.375	0
2.5	0
2.625	0
2.75	0
2.875	0
3	0
3.125	0
3.25	0
3.375	0
3.5	0
3.625	0
3.75	0
3.875	0
4	0
4.125	0
4.25	0
4.375	0
4.5	0
4.625	0
4.75	0
4.875	0
5	0
5.125	0
5.25	0
5.375	0
5.5	0
5.625	0
5.75	0
5.875	0
6	0
6.125	0
6.25	0
6.375	0
6.5	0
6.625	0
6.75	0
6.875	0
7	0
7.125	0
7.25	0
7.375	0
7.5	0
7.625	0
7.75	0
7.875	0
8	0
8.125	1.86292
8.25	3.7034
8.375	5.52104
8.5	7.31687
8.625	9.09076
8.75	10.8432
8.875	12.5746
9	14.2853
9.125	15.9762
9.25	17.6468
9.375	19.2982
9.5	20.9301
9.625	22.5429
9.75	24.1376
9.875	25.714
10	27.2723
10.125	28.8131
10.25	30.3366
10.375	31.8432
10.5	33.3329
10.625	34.8063
10.75	36.2634
10.875	37.7046
11	39.1302
11.125	40.5403
11.25	41.9353
11.375	43.3154
11.5	44.6804
11.625	46.0314
11.75	47.3681
11.875	48.6908
12	49.9997
amount supplied[triangular,s3]
0	0
0.125	0
0.25	0
0.375	0
0.5	0
0.625	0
0.75	0
0.875	0
1	0
1.125	0
1.25	0
1.375	0
1.5	0
1.625	0
1.75	0
1.875	0
2	0
2.125	0
2.25	0
2.375	0
2.5	0
2.625	0
2.75	0
2.875	0
3	0
3.125	0
3.25	0
3.375	0
3.5	0
3.625	0
3.75	0
3.875	0
4	0
4.125	0
4.25	0
4.375	0
4.5	0
4.625	0
4.75	0
4.875	0
5	0
5.125	0
5.25	0
5.375	0
5.5	0
5.625	0
5.75	0
5.875	0
6	0
6.125	0
6.25	0
6.375	0
6.5	0
6.625	0
6.75	0
6.875	0
7	0
7.125	0
7.25	0
7.375	0
7.5	0
7.625	0
7.75	0
7.875	0
8	0
8.125	0
8.25	0
8.375	0
8.5	0
8.625	0
8.75	0
8.875	0
9	0
9.125	0
9.25	0
9.375	0
9.5	0
9.625	0
9.75	0
9.875	0
10	0
10.125	0
10.25	0
10.375	0
10.5	0
10.625	0
10.75	0
10.875	0
11	0
11.125	0
11.25	0
11.375	0
11.5	0
11.625	0
11.75	0
11.875	0
12	0
amount supplied[normal,s1]
0	5.84116e-05
0.125	7.31245
0.25	13.8304
0.375	19.7917
0.5	25.2994
0.625	30.4195
0.75	35.2022
0.875	39.6867
1	43.9039
1.125	47.8809
1.25	51.6406
1.375	55.2018
1.5	58.5821
1.625	61.7956
1.75	64.8562
1.875	67.7751
2	70.5624
2.125	73.228
2.25	75.7797
2.375	78.2259
2.5	80.5729
2.625	82.8271
2.75	84.9939
2.875	87.0793
3	89.0875
3.125	91.0231
3.25	92.8903
3.375	94.6928
3.5	96.4341
3.625	98.1174
3.75	99.7453
3.875	101.321
4	102.847
4.125	104.325
4.25	105.759
4.375	107.149
4.5	108.498
4.625	109.808
4.75	111.081
4.875	112.318
5	113.52
5.125	114.69
5.25	115.829
5.375	116.937
5.5	118.016
5.625	119.068
5.75	120.092
5.875	121.091
6	122.066
6.125	123.017
6.25	123.945
6.375	124.85
6.5	125.735
6.625	126.599
6.75	127.444
6.875	128.269
7	129.076
7.125	129.865
7.25	130.637
7.375	131.392
7.5	132.131
7.625	132.855
7.75	133.564
7.875	134.257
8	134.937
8.125	135.603
8.25	136.256
8.375	136.896
8.5	137.524
8.625	138.139
8.75	138.743
8.875	139.335
9	139.916
9.125	140.486
9.25	141.046
9.375	141.595
9.5	142.135
9.625	142.665
9.75	143.185
9.875	143.696
10	144.199
10.125	144.693
10.25	145.178
10.375	145.655
10.5	146.124
10.625	146.586
10.75	147.039
10.875	147.486
11	147.925
11.125	148.357
11.25	148.782
11.375	149.2
11.5	149.612
11.625	150.017
11.75	150.416
11.875	150.809
12	151.196
amount supplied[normal,s2]
0	3.04499e-07
0.125	0.787654
0.25	1.96227
0.375	3.32872
0.5	4.81938
0.625	6.39524
0.75	8.031
0.875	9.70867
1	11.4147
1.125	13.1391
1.25	14.8743
1.375	16.6138
1.5	18.3531
1.625	20.088
1.75	21.8156
1.875	23.5334
2	25.2391
2.125	26.9314
2.25	28.6087
2.375	30.2704
2.5	31.9153
2.625	33.5428
2.75	35.1524
2.875	36.744
3	38.317
3.125	39.8715
3.25	41.4072
3.375	42.9243
3.5	44.4224
3.625	45.9018
3.75	47.3632
3.875	48.8063
4	50.2311
4.125	51.6376
4.25	53.0265
4.375	54.3982
4.5	55.7527
4.625	57.0901
4.75	58.4107
4.875	59.7147
5	61.0025
5.125	62.2741
5.25	63.53
5.375	64.7703
5.5	65.9953
5.625	67.2053
5.75	68.4004
5.875	69.5808
6	70.7471
6.125	71.8994
6.25	73.0378
6.375	74.1627
6.5	75.2742
6.625	76.3726
6.75	77.4582
6.875	78.531
7	79.5915
7.125	80.6397
7.25	81.6758
7.375	82.7002
7.5	83.713
7.625	84.7144
7.75	85.7046
7.875	86.6836
8	87.652
8.125	88.6098
8.25	89.5571
8.375	90.4942
8.5	91.4211
8.625	92.3381
8.75	93.2454
8.875	94.143
9	95.0313
9.125	95.9102
9.25	96.78
9.375	97.6408
9.5	98.4928
9.625	99.3361
9.75	100.171
9.875	100.997
10	101.815
10.125	102.625
10.25	103.427
10.375	104.221
10.5	105.007
10.625	105.786
10.75	106.557
10.875	107.321
11	108.077
11.125	108.827
11.25	109.569
11.375	110.304
11.5	111.033
11.625	111.754
11.75	112.469
11.875	113.178
12	113.88
amount supplied[normal,s3]
0	5.98521e-10
0.125	0.0338995
0.25	0.112666
0.375	0.228673
0.5	0.377859
0.625	0.55705
0.75	0.763613
0.875	0.995239
1	1.24983
1.125	1.52555
1.25	1.82075
1.375	2.13387
1.5	2.46356
1.625	2.80851
1.75	3.16761
1.875	3.53976
2	3.92394
2.125	4.31932
2.25	4.72496
2.375	5.14023
2.5	5.56429
2.625	5.9965
2.75	6.43621
2.875	6.88294
3	7.33607
3.125	7.79514
3.25	8.25968
3.375	8.72925
3.5	9.20338
3.625	9.68175
3.75	10.1642
3.875	10.6502
4	11.1395
4.125	11.6316
4.25	12.1266
4.375	12.6242
4.5	13.1241
4.625	13.626
4.75	14.1297
4.875	14.6351
5	15.1419
5.125	15.6501
5.25	16.1593
5.375	16.6695
5.5	17.1806
5.625	17.6923
5.75	18.2046
5.875	18.7173
6	19.2304
6.125	19.7437
6.25	20.2571
6.375	20.7705
6.5	21.2839
6.625	21.7972
6.75	22.3102
6.875	22.8229
7	23.3352
7.125	23.8471
7.25	24.3585
7.375	24.8693
7.5	25.3796
7.625	25.8891
7.75	26.3979
7.875	26.9059
8	27.4132
8.125	27.9196
8.25	28.4251
8.375	28.9297
8.5	29.4334
8.625	29.936
8.75	30.4376
8.875	30.9382
9	31.4377
9.125	31.936
9.25	32.4333
9.375	32.9294
9.5	33.4243
9.625	33.918
9.75	34.4105
9.875	34.9018
10	35.3919
10.125	35.8806
10.25	36.3681
10.375	36.8542
10.5	37.3392
10.625	37.8228
10.75	38.3051
10.875	38.7861
11	39.2657
11.125	39.744
11.25	40.2209
11.375	40.6964
11.5	41.1706
11.625	41.6434
11.75	42.1149
11.875	42.5849
12	43.0536
amount supplied[exponential,s1]
0	0.00453999
0.125	4.41318
0.25	8.68072
0.375	12.809
0.5	16.8052
0.625	20.6752
0.75	24.4252
0.875	28.0602
1	31.5857
1.125	35.0066
1.25	38.3277
1.375	41.5528
1.5	44.6863
1.625	47.7323
1.75	50.6939
1.875	53.5748
2	56.3785
2.125	59.1076
2.25	61.7651
2.375	64.3543
2.5	66.8771
2.625	69.3367
2.75	71.735
2.875	74.0742
3	76.3568
3.125	78.5844
3.25	80.7595
3.375	82.8833
3.5	84.9584
3.625	86.9858
3.75	88.9672
3.875	90.9045
4	92.7989
4.125	94.6516
4.25	96.4645
4.375	98.2382
4.5	99.9748
4.625	101.665
4.75	103.3
4.875	104.882
5	106.415
5.125	107.898
5.25	109.336
5.375	110.729
5.5	112.079
5.625	113.388
5.75	114.658
5.875	115.891
6	117.086
6.125	118.247
6.25	119.374
6.375	120.469
6.5	121.533
6.625	122.567
6.75	123.572
6.875	124.549
7	125.499
7.125	126.423
7.25	127.323
7.375	128.199
7.5	129.051
7.625	129.881
7.75	130.69
7.875	131.477
8	132.245
8.125	132.993
8.25	133.722
8.375	134.433
8.5	135.127
8.625	135.804
8.75	136.464
8.875	137.108
9	137.737
9.125	138.351
9.25	138.951
9.375	139.537
9.5	140.109
9.625	140.669
9.75	141.215
9.875	141.749
10	142.272
10.125	142.783
10.25	143.282
10.375	143.771
10.5	144.249
10.625	144.717
10.75	145.175
10.875	145.624
11	146.063
11.125	146.492
11.25	146.913
11.375	147.326
11.5	147.73
11.625	148.126
11.75	148.514
11.875	148.895
12	149.268
amount supplied[exponential,s2]
0	0.00250526
0.125	2.43528
0.25	4.79019
0.375	7.06827
0.5	9.27345
0.625	11.409
0.75	13.4783
0.875	15.4842
1	17.4296
1.125	19.3173
1.25	21.1499
1.375	22.9296
1.5	24.6588
1.625	26.3396
1.75	27.9739
1.875	29.5636
2	31.1107
2.125	32.6167
2.25	34.0832
2.375	35.5119
2.5	36.9041
2.625	38.2613
2.75	39.5847
2.875	40.8756
3	42.1351
3.125	43.3644
3.25	44.5647
3.375	45.7366
3.5	46.8817
3.625	48.0005
3.75	49.0938
3.875	50.1628
4	51.2082
4.125	52.2306
4.25	53.2309
4.375	54.2097
4.5	55.168
4.625	56.1161
4.75	57.065
4.875	58.0144
5	58.9642
5.125	59.9141
5.25	60.8641
5.375	61.8138
5.5	62.7631
5.625	63.7119
5.75	64.66
5.875	65.6073
6	66.5534
6.125	67.4985
6.25	68.4421
6.375	69.3844
6.5	70.325
6.625	71.2638
6.75	72.2008
6.875	73.1358
7	74.0687
7.125	74.9993
7.25	75.9277
7.375	76.8536
7.5	77.7769
7.625	78.6976
7.75	79.6156
7.875	80.5307
8	81.443
8.125	82.3523
8.25	83.2585
8.375	84.1615
8.5	85.0614
8.625	85.958
8.75	86.8513
8.875	87.7411
9	88.6276
9.125	89.5105
9.25	90.3899
9.375	91.2656
9.5	92.1378
9.625	93.0062
9.75	93.871
9.875	94.732
10	95.5892
10.125	96.4426
10.25	97.2921
10.375	98.1377
10.5	98.9795
10.625	99.8173
10.75	100.651
10.875	101.481
11	102.307
11.125	103.129
11.25	103.947
11.375	104.761
11.5	105.571
11.625	106.377
11.75	107.179
11.875	107.977
12	108.771
amount supplied[exponential,s3]
0	0.00138245
0.125	1.34383
0.25	2.64332
0.375	3.90041
0.5	5.11727
0.625	6.29568
0.75	7.43757
0.875	8.54447
1	9.61797
1.125	10.6597
1.25	11.6709
1.375	12.653
1.5	13.6072
1.625	14.5347
1.75	15.4365
1.875	16.3138
2	17.1675
2.125	17.9985
2.25	18.8078
2.375	19.5962
2.5	20.3644
2.625	21.1133
2.75	21.8436
2.875	22.5559
3	23.251
3.125	23.9293
3.25	24.5916
3.375	25.2383
3.5	25.8702
3.625	26.4876
3.75	27.0909
3.875	27.6808
4	28.2577
4.125	28.8218
4.25	29.3739
4.375	29.914
4.5	30.4428
4.625	30.966
4.75	31.4896
4.875	32.0135
5	32.5376
5.125	33.0618
5.25	33.586
5.375	34.11
5.5	34.6339
5.625	35.1575
5.75	35.6806
5.875	36.2033
6	36.7255
6.125	37.2469
6.25	37.7677
6.375	38.2876
6.5	38.8067
6.625	39.3247
6.75	39.8418
6.875	40.3577
7	40.8725
7.125	41.3861
7.25	41.8983
7.375	42.4093
7.5	42.9188
7.625	43.4268
7.75	43.9334
7.875	44.4384
8	44.9418
8.125	45.4436
8.25	45.9436
8.375	46.4419
8.5	46.9385
8.625	47.4333
8.75	47.9262
8.875	48.4172
9	48.9064
9.125	49.3936
9.25	49.8789
9.375	50.3621
9.5	50.8434
9.625	51.3226
9.75	51.7998
9.875	52.2749
10	52.7479
10.125	53.2188
10.25	53.6876
10.375	54.1543
10.5	54.6188
10.625	55.0811
10.75	55.5413
10.875	55.9993
11	56.4551
11.125	56.9086
11.25	57.36
11.375	57.8092
11.5	58.2562
11.625	58.7009
11.75	59.1434
11.875	59.5837
12	60.0217
demand priority vector[fixed,d1,ptype]
0	0
demand priority vector[fixed,d1,ppriority]
0	1
demand priority vector[fixed,d1,pwidth]
0	1
demand priority vector[fixed,d1,pextra]
0	0
demand priority vector[fixed,d2,ptype]
0	0
demand priority vector[fixed,d2,ppriority]
0	2
demand priority vector[fixed,d2,pwidth]
0	1
demand priority vector[fixed,d2,pextra]
0	0
demand priority vector[rectangular,d1,ptype]
0	1
demand priority vector[rectangular,d1,ppriority]
0	1
demand priority vector[rectangular,d1,pwidth]
0	1
demand priority vector[rectangular,d1,pextra]
0	0
demand priority vector[rectangular,d2,ptype]
0	1
demand priority vector[rectangular,d2,ppriority]
0	2
demand priority vector[rectangular,d2,pwidth]
0	1
demand priority vector[rectangular,d2,pextra]
0	0
demand priority vector[triangular,d1,ptype]
0	2
demand priority vector[triangular,d1,ppriority]
0	1
demand priority vector[triangular,d1,pwidth]
0	1
demand priority vector[triangular,d1,pextra]
0	0
demand priority vector[triangular,d2,ptype]
0	2
demand priority vector[triangular,d2,ppriority]
0	2
demand priority vector[triangular,d2,pwidth]
0	1
demand priority vector[triangular,d2,pextra]
0	0
demand priority vector[normal,d1,ptype]
0	3
demand priority vector[normal,d1,ppriority]
0	1
demand priority vector[normal,d1,pwidth]
0	1
demand priority vector[normal,d1,pextra]
0	0
demand priority vector[normal,d2,ptype]
0	3
demand priority vector[normal,d2,ppriority]
0	2
demand priority vector[normal,d2,pwidth]
0	1
demand priority vector[normal,d2,pextra]
0	0
demand priority vector[exponential,d1,ptype]
0	4
demand priority vector[exponential,d1,ppriority]
0	1
demand priority vector[exponential,d1,pwidth]
0	1
demand priority vector[exponential,d1,pextra]
0	0
demand priority vector[exponential,d2,ptype]
0	4
demand priority vector[exponential,d2,ppriority]
0	2
demand priority vector[exponential,d2,pwidth]
0	1
demand priority vector[exponential,d2,pextra]
0	0
demand satiation[fixed,d1]
0	0
0.125	5.20833
0.25	10.4167
0.375	15.625
0.5	20.8333
0.625	26.0417
0.75	31.25
0.875	36.4583
1	41.6667
1.125	46.875
1.25	52.0833
1.375	57.2917
1.5	62.5
1.625	67.7083
1.75	72.9167
1.875	78.125
2	83.3333
2.125	88.5417
2.25	93.75
2.375	98.9583
2.5	104.167
2.625	109.375
2.75	114.583
2.875	119.792
3	125
3.125	130.208
3.25	135.417
3.375	140.625
3.5	145.833
3.625	151.042
3.75	156.25
3.875	161.458
4	166.667
4.125	171.875
4.25	177.083
4.375	182.292
4.5	187.5
4.625	192.708
4.75	197.917
4.875	203.125
5	208.333
5.125	213.542
5.25	218.75
5.375	223.958
5.5	229.167
5.625	234.375
5.75	239.583
5.875	244.792
6	250
6.125	255.208
6.25	260.417
6.375	265.625
6.5	270.833
6.625	276.042
6.75	281.25
6.875	286.458
7	291.667
7.125	296.875
7.25	302.083
7.375	307.292
7.5	312.5
7.625	317.708
7.75	322.917
7.875	328.125
8	333.333
8.125	338.542
8.25	343.75
8.375	348.958
8.5	354.167
8.625	359.375
8.75	364.583
8.875	369.792
9	375
9.125	380.208
9.25	385.417
9.375	390.625
9.5	395.833
9.625	401.042
9.75	406.25
9.875	411.458
10	416.667
10.125	421.875
10.25	427.083
10.375	432.292
10.5	437.5
10.625	442.708
10.75	447.917
10.875	453.125
11	458.333
11.125	463.542
11.25	468.75
11.375	473.958
11.5	479.167
11.625	484.375
11.75	489.583
11.875	494.792
12	500
demand satiation[fixed,d2]
0	0
0.125	3.125
0.25	6.25
0.375	9.375
0.5	12.5
0.625	15.625
0.75	18.75
0.875	21.875
1	25
1.125	28.125
1.25	31.25
1.375	34.375
1.5	37.5
1.625	40.625
1.75	43.75
1.875	46.875
2	50
2.125	53.125
2.25	56.25
2.375	59.375
2.5	62.5
2.625	65.625
2.75	68.75
2.875	71.875
3	75
3.125	78.125
3.25	81.25
3.375	84.375
3.5	87.5
3.625	90.625
3.75	93.75
3.875	96.875
4	100
4.125	103.125
4.25	106.25
4.375	109.375
4.5	112.5
4.625	115.625
4.75	118.75
4.875	121.875
5	125
5.125	128.125
5.25	131.25
5.375	134.375
5.5	137.5
5.625	140.625
5.75	143.75
5.875	146.875
6	150
6.125	153.125
6.25	156.25
6.375	159.375
6.5	162.5
6.625	165.625
6.75	168.75
6.875	171.875
7	175
7.125	178.125
7.25	181.25
7.375	184.375
7.5	187.5
7.625	190.625
7.75	193.75
7.875	196.875
8	200
8.125	203.125
8.25	206.25
8.375	209.375
8.5	212.5
8.625	215.625
8.75	218.75
8.875	221.875
9	225
9.125	228.125
9.25	231.25
9.375	234.375
9.5	237.5
9.625	240.625
9.75	243.75
9.875	246.875
10	250
10.125	253.125
10.25	256.25
10.375	259.375
10.5	262.5
10.625	265.625
10.75	268.75
10.875	271.875
11	275
11.125	278.125
11.25	281.25
11.375	284.375
11.5	287.5
11.625	290.625
11.75	293.75
11.875	296.875
12	300
demand satiation[rectangular,d1]
0	0
0.125	5.20833
0.25	10.4167
0.375	15.625
0.5	20.8333
0.625	26.0417
0.75	31.25
0.875	36.4583
1	41.6667
1.125	46.875
1.25	52.0833
1.375	57.2917
1.5	62.5
1.625	67.7083
1.75	72.9167
1.875	78.125
2	83.3333
2.125	88.5417
2.25	93.75
2.375	98.9583
2.5	104.167
2.625	109.375
2.75	114.583
2.875	119.792
3	125
3.125	130.208
3.25	135.417
3.375	140.625
3.5	145.833
3.625	151.042
3.75	156.25
3.875	161.458
4	166.667
4.125	171.875
4.25	177.083
4.375	182.292
4.5	187.5
4.625	192.708
4.75	197.917
4.875	203.125
5	208.333
5.125	213.542
5.25	218.75
5.375	223.958
5.5	229.167
5.625	234.375
5.75	239.583
5.875	244.792
6	250
6.125	255.208
6.25	260.417
6.375	265.625
6.5	270.833
6.625	276.042
6.75	281.25
6.875	286.458
7	291.667
7.125	296.875
7.25	302.083
7.375	307.292
7.5	312.5
7.625	317.708
7.75	322.917
7.875	328.125
8	333.333
8.125	338.542
8.25	343.75
8.375	348.958
8.5	354.167
8.625	359.375
8.75	364.583
8.875	369.792
9	375
9.125	380.208
9.25	385.417
9.375	390.625
9.5	395.833
9.625	401.042
9.75	406.25
9.875	411.458
10	416.667
10.125	421.875
10.25	427.083
10.375	432.292
10.5	437.5
10.625	442.708
10.75	447.917
10.875	453.125
11	458.333
11.125	463.542
11.25	468.75
11.375	473.958
11.5	479.167
11.625	484.375
11.75	489.583
11.875	494.792
12	500
demand satiation[rectangular,d2]
0	0
0.125	3.125
0.25	6.25
0.375	9.375
0.5	12.5
0.625	15.625
0.75	18.75
0.875	21.875
1	25
1.125	28.125
1.25	31.25
1.375	34.375
1.5	37.5
1.625	40.625
1.75	43.75
1.875	46.875
2	50
2.125	53.125
2.25	56.25
2.375	59.375
2.5	62.5
2.625	65.625
2.75	68.75
2.875	71.875
3	75
3.125	78.125
3.25	81.25
3.375	84.375
3.5	87.5
3.625	90.625
3.75	93.75
3.875	96.875
4	100
4.125	103.125
4.25	106.25
4.375	109.375
4.5	112.5
4.625	115.625
4.75	118.75
4.875	121.875
5	125
5.125	128.125
5.25	131.25
5.375	134.375
5.5	137.5
5.625	140.625
5.75	143.75
5.875	146.875
6	150
6.125	153.125
6.25	156.25
6.375	159.375
6.5	162.5
6.625	165.625
6.75	168.75
6.875	171.875
7	175
7.125	178.125
7.25	181.25
7.375	184.375
7.5	187.5
7.625	190.625
7.75	193.75
7.875	196.875
8	200
8.125	203.125
8.25	206.25
8.375	209.375
8.5	212.5
8.625	215.625
8.75	218.75
8.875	221.875
9	225
9.125	228.125
9.25	231.25
9.375	234.375
9.5	237.5
9.625	240.625
9.75	243.75
9.875	246.875
10	250
10.125	253.125
10.25	256.25
10.375	259.375
10.5	262.5
10.625	265.625
10.75	268.75
10.875	271.875
11	275
11.125	278.125
11.25	281.25
11.375	284.375
11.5	287.5
11.625	290.625
11.75	293.75
11.875	296.875
12	300
demand satiation[triangular,d1]
0	0
0.125	5.20833
0.25	10.4167
0.375	15.625
0.5	20.8333
0.625	26.0417
0.75	31.25
0.875	36.4583
1	41.6667
1.125	46.875
1.25	52.0833
1.375	57.2917
1.5	62.5
1.625	67.7083
1.75	72.9167
1.875	78.125
2	83.3333
2.125	88.5417
2.25	93.75
2.375	98.9583
2.5	104.167
2.625	109.375
2.75	114.583
2.875	119.792
3	125
3.125	130.208
3.25	135.417
3.375	140.625
3.5	145.833
3.625	151.042
3.75	156.25
3.875	161.458
4	166.667
4.125	171.875
4.25	177.083
4.375	182.292
4.5	187.5
4.625	192.708
4.75	197.917
4.875	203.125
5	208.333
5.125	213.542
5.25	218.75
5.375	223.958
5.5	229.167
5.625	234.375
5.75	239.583
5.875	244.792
6	250
6.125	255.208
6.25	260.417
6.375	265.625
6.5	270.833
6.625	276.042
6.75	281.25
6.875	286.458
7	291.667
7.125	296.875
7.25	302.083
7.375	307.292
7.5	312.5
7.625	317.708
7.75	322.917
7.875	328.125
8	333.333
8.125	338.542
8.25	343.75
8.375	348.958
8.5	354.167
8.625	359.375
8.75	364.583
8.875	369.792
9	375
9.125	380.208
9.25	385.417
9.375	390.625
9.5	395.833
9.625	401.042
9.75	406.25
9.875	411.458
10	416.667
10.125	421.875
10.25	427.083
10.375	432.292
10.5	437.5
10.625	442.708
10.75	447.917
10.875	453.125
11	458.333
11.125	463.542
11.25	468.75
11.375	473.958
11.5	479.167
11.625	484.375
11.75	489.583
11.875	494.792
12	500
demand satiation[triangular,d2]
0	0
0.125	3.125
0.25	6.25
0.375	9.375
0.5	12.5
0.625	15.625
0.75	18.75
0.875	21.875
1	25
1.125	28.125
1.25	31.25
1.375	34.375
1.5	37.5
1.625	40.625
1.75	43.75
1.875	46.875
2	50
2.125	53.125
2.25	56.25
2.375	59.375
2.5	62.5
2.625	65.625
2.75	68.75
2.875	71.875
3	75
3.125	78.125
3.25	81.25
3.375	84.375
3.5	87.5
3.625	90.625
3.75	93.75
3.875	96.875
4	100
4.125	103.125
4.25	106.25
4.375	109.375
4.5	112.5
4.625	115.625
4.75	118.75
4.875	121.875
5	125
5.125	128.125
5.25	131.25
5.375	134.375
5.5	137.5
5.625	140.625
5.75	143.75
5.875	146.875
6	150
6.125	153.125
6.25	156.25
6.375	159.375
6.5	162.5
6.625	165.625
6.75	168.75
6.875	171.875
7	175
7.125	178.125
7.25	181.25
7.375	184.375
7.5	187.5
7.625	190.625
7.75	193.75
7.875	196.875
8	200
8.125	203.125
8.25	206.25
8.375	209.375
8.5	212.5
8.625	215.625
8.75	218.75
8.875	221.875
9	225
9.125	228.125
9.25	231.25
9.375	234.375
9.5	237.5
9.625	240.625
9.75	243.75
9.875	246.875
10	250
10.125	253.125
10.25	256.25
10.375	259.375
10.5	262.5
10.625	265.625
10.75	268.75
10.875	271.875
11	275
11.125	278.125
11.25	281.25
11.375	284.375
11.5	287.5
11.625	290.625
11.75	293.75
11.875	296.875
12	300
demand satiation[normal,d1]
0	0
0.125	5.20833
0.25	10.4167
0.375	15.625
0.5	20.8333
0.625	26.0417
0.75	31.25
0.875	36.4583
1	41.6667
1.125	46.875
1.25	52.0833
1.375	57.2917
1.5	62.5
1.625	67.7083
1.75	72.9167
1.875	78.125
2	83.3333
2.125	88.5417
2.25	93.75
2.375	98.9583
2.5	104.167
2.625	109.375
2.75	114.583
2.875	119.792
3	125
3.125	130.208
3.25	135.417
3.375	140.625
3.5	145.833
3.625	151.042
3.75	156.25
3.875	161.458
4	166.667
4.125	171.875
4.25	177.083
4.375	182.292
4.5	187.5
4.625	192.708
4.75	197.917
4.875	203.125
5	208.333
5.125	213.542
5.25	218.75
5.375	223.958
5.5	229.167
5.625	234.375
5.75	239.583
5.875	244.792
6	250
6.125	255.208
6.25	260.417
6.375	265.625
6.5	270.833
6.625	276.042
6.75	281.25
6.875	286.458
7	291.667
7.125	296.875
7.25	302.083
7.375	307.292
7.5	312.5
7.625	317.708
7.75	322.917
7.875	328.125
8	333.333
8.125	338.542
8.25	343.75
8.375	348.958
8.5	354.167
8.625	359.375
8.75	364.583
8.875	369.792
9	375
9.125	380.208
9.25	385.417
9.375	390.625
9.5	395.833
9.625	401.042
9.75	406.25
9.875	411.458
10	416.667
10.125	421.875
10.25	427.083
10.375	432.292
10.5	437.5
10.625	442.708
10.75	447.917
10.875	453.125
11	458.333
11.125	463.542
11.25	468.75
11.375	473.958
11.5	479.167
11.625	484.375
11.75	489.583
11.875	494.792
12	500
demand satiation[normal,d2]
0	0
0.125	3.125
0.25	6.25
0.375	9.375
0.5	12.5
0.625	15.625
0.75	18.75
0.875	21.875
1	25
1.125	28.125
1.25	31.25
1.375	34.375
1.5	37.5
1.625	40.625
1.75	43.75
1.875	46.875
2	50
2.125	53.125
2.25	56.25
2.375	59.375
2.5	62.5
2.625	65.625
2.75	68.75
2.875	71.875
3	75
3.125	78.125
3.25	81.25
3.375	84.375
3.5	87.5
3.625	90.625
3.75	93.75
3.875	96.875
4	100
4.125	103.125
4.25	106.25
4.375	109.375
4.5	112.5
4.625	115.625
4.75	118.75
4.875	121.875
5	125
5.125	128.125
5.25	131.25
5.375	134.375
5.5	137.5
5.625	140.625
5.75	143.75
5.875	146.875
6	150
6.125	153.125
6.25	156.25
6.375	159.375
6.5	162.5
6.625	165.625
6.75	168.75
6.875	171.875
7	175
7.125	178.125
7.25	181.25
7.375	184.375
7.5	187.5
7.625	190.625
7.75	193.75
7.875	196.875
8	200
8.125	203.125
8.25	206.25
8.375	209.375
8.5	212.5
8.625	215.625
8.75	218.75
8.875	221.875
9	225
9.125	228.125
9.25	231.25
9.375	234.375
9.5	237.5
9.625	240.625
9.75	243.75
9.875	246.875
10	250
10.125	253.125
10.25	256.25
10.375	259.375
10.5	262.5
10.625	265.625
10.75	268.75
10.875	271.875
11	275
11.125	278.125
11.25	281.25
11.375	284.375
11.5	287.5
11.625	290.625
11.75	293.75
11.875	296.875
12	300
demand satiation[exponential,d1]
0	0
0.125	5.20833
0.25	10.4167
0.375	15.625
0.5	20.8333
0.625	26.0417
0.75	31.25
0.875	36.4583
1	41.6667
1.125	46.875
1.25	52.0833
1.375	57.2917
1.5	62.5
1.625	67.7083
1.75	72.9167
1.875	78.125
2	83.3333
2.125	88.5417
2.25	93.75
2.375	98.9583
2.5	104.167
2.625	109.375
2.75	114.583
2.875	119.792
3	125
3.125	130.208
3.25	135.417
3.375	140.625
3.5	145.833
3.625	151.042
3.75	156.25
3.875	161.458
4	166.667
4.125	171.875
4.25	177.083
4.375	182.292
4.5	187.5
4.625	192.708
4.75	197.917
4.875	203.125
5	208.333
5.125	213.542
5.25	218.75
5.375	223.958
5.5	229.167
5.625	234.375
5.75	239.583
5.875	244.792
6	250
6.125	255.208
6.25	260.417
6.375	265.625
6.5	270.833
6.625	276.042
6.75	281.25
6.875	286.458
7	291.667
7.125	296.875
7.25	302.083
7.375	307.292
7.5	312.5
7.625	317.708
7.75	322.917
7.875	328.125
8	333.333
8.125	338.542
8.25	343.75
8.375	348.958
8.5	354.167
8.625	359.375
8.75	364.583
8.875	369.792
9	375
9.125	380.208
9.25	385.417
9.375	390.625
9.5	395.833
9.625	401.042
9.75	406.25
9.875	411.458
10	416.667
10.125	421.875
10.25	427.083
10.375	432.292
10.5	437.5
10.625	442.708
10.75	447.917
10.875	453.125
11	458.333
11.125	463.542
11.25	468.75
11.375	473.958
11.5	479.167
11.625	484.375
11.75	489.583
11.875	494.792
12	500
demand satiation[exponential,d2]
0	0
0.125	3.125
0.25	6.25
0.375	9.375
0.5	12.5
0.625	15.625
0.75	18.75
0.875	21.875
1	25
1.125	28.125
1.25	31.25
1.375	34.375
1.5	37.5
1.625	40.625
1.75	43.75
1.875	46.875
2	50
2.125	53.125
2.25	56.25
2.375	59.375
2.5	62.5
2.625	65.625
2.75	68.75
2.875	71.875
3	75
3.125	78.125
3.25	81.25
3.375	84.375
3.5	87.5
3.625	90.625
3.75	93.75
3.875	96.875
4	100
4.125	103.125
4.25	106.25
4.375	109.375
4.5	112.5
4.625	115.625
4.75	118.75
4.875	121.875
5	125
5.125	128.125
5.25	131.25
5.375	134.375
5.5	137.5
5.625	140.625
5.75	143.75
5.875	146.875
6	150
6.125	153.125
6.25	156.25
6.375	159.375
6.5	162.5
6.625	165.625
6.75	168.75
6.875	171.875
7	175
7.125	178.125
7.25	181.25
7.375	184.375
7.5	187.5
7.625	190.625
7.75	193.75
7.875	196.875
8	200
8.125	203.125
8.25	206.25
8.375	209.375
8.5	212.5
8.625	215.625
8.75	218.75
8.875	221.875
9	225
9.125	228.125
9.25	231.25
9.375	234.375
9.5	237.5
9.625	240.625
9.75	243.75
9.875	246.875
10	250
10.125	253.125
10.25	256.25
10.375	259.375
10.5	262.5
10.625	265.625
10.75	268.75
10.875	271.875
11	275
11.125	278.125
11.25	281.25
11.375	284.375
11.5	287.5
11.625	290.625
11.75	293.75
11.875	296.875
12	300
demand scale
0	0
0.125	0.0104167
0.25	0.0208333
0.375	0.03125
0.5	0.0416667
0.625	0.0520833
0.75	0.0625
0.875	0.0729167
1	0.0833333
1.125	0.09375
1.25	0.104167
1.375	0.114583
1.5	0.125
1.625	0.135417
1.75	0.145833
1.875	0.15625
2	0.166667
2.125	0.177083
2.25	0.1875
2.375	0.197917
2.5	0.208333
2.625	0.21875
2.75	0.229167
2.875	0.239583
3	0.25
3.125	0.260417
3.25	0.270833
3.375	0.28125
3.5	0.291667
3.625	0.302083
3.75	0.3125
3.875	0.322917
4	0.333333
4.125	0.34375
4.25	0.354167
4.375	0.364583
4.5	0.375
4.625	0.385417
4.75	0.395833
4.875	0.40625
5	0.416667
5.125	0.427083
5.25	0.4375
5.375	0.447917
5.5	0.458333
5.625	0.46875
5.75	0.479167
5.875	0.489583
6	0.5
6.125	0.510417
6.25	0.520833
6.375	0.53125
6.5	0.541667
6.625	0.552083
6.75	0.5625
6.875	0.572917
7	0.583333
7.125	0.59375
7.25	0.604167
7.375	0.614583
7.5	0.625
7.625	0.635417
7.75	0.645833
7.875	0.65625
8	0.666667
8.125	0.677083
8.25	0.6875
8.375	0.697917
8.5	0.708333
8.625	0.71875
8.75	0.729167
8.875	0.739583
9	0.75
9.125	0.760417
9.25	0.770833
9.375	0.78125
9.5	0.791667
9.625	0.802083
9.75	0.8125
9.875	0.822917
10	0.833333
10.125	0.84375
10.25	0.854167
10.375	0.864583
10.5	0.875
10.625	0.885417
10.75	0.895833
10.875	0.90625
11	0.916667
11.125	0.927083
11.25	0.9375
11.375	0.947917
11.5	0.958333
11.625	0.96875
11.75	0.979167
11.875	0.989583
12	1
FINAL TIME
0	12
INITIAL TIME
0	0
market price[rectangular]
0	0.5
0.125	0.540609
0.25	0.579208
0.375	0.615942
0.5	0.650943
0.625	0.684332
0.75	0.716216
0.875	0.746696
1	0.775862
1.125	0.803797
1.25	0.830579
1.375	0.856275
1.5	0.880952
1.625	0.904669
1.75	0.927481
1.875	0.949438
2	0.970588
2.125	0.990975
2.25	1.01064
2.375	1.02962
2.5	1.04795
2.625	1.06566
2.75	1.08278
2.875	1.09935
3	1.11538
3.125	1.13091
3.25	1.14596
3.375	1.16055
3.5	1.1747
3.625	1.18843
3.75	1.20175
3.875	1.2147
4	1.22727
4.125	1.2395
4.25	1.25138
4.375	1.26294
4.5	1.27419
4.625	1.28515
4.75	1.29581
4.875	1.3062
5	1.31633
5.125	1.3262
5.25	1.33582
5.375	1.34521
5.5	1.35437
5.625	1.36331
5.75	1.37204
5.875	1.38056
6	1.38889
6.125	1.39703
6.25	1.40498
6.375	1.41275
6.5	1.42035
6.625	1.42779
6.75	1.43506
6.875	1.44218
7	1.44915
7.125	1.45597
7.25	1.46266
7.375	1.4692
7.5	1.47561
7.625	1.48189
7.75	1.48805
7.875	1.49408
8	1.5
8.125	1.50621
8.25	1.51235
8.375	1.51841
8.5	1.52439
8.625	1.5303
8.75	1.53615
8.875	1.54192
9	1.54762
9.125	1.55326
9.25	1.55882
9.375	1.56433
9.5	1.56977
9.625	1.57515
9.75	1.58046
9.875	1.58572
10	1.59091
10.125	1.59605
10.25	1.60112
10.375	1.60615
10.5	1.61111
10.625	1.61602
10.75	1.62088
10.875	1.62568
11	1.63044
11.125	1.63514
11.25	1.63979
11.375	1.64439
11.5	1.64894
11.625	1.65344
11.75	1.6579
11.875	1.6623
12	1.66667
market price[triangular]
0	0.5
0.125	0.642491
0.25	0.699002
0.375	0.740771
0.5	0.774719
0.625	0.803587
0.75	0.828797
0.875	0.851209
1	0.871389
1.125	0.889741
1.25	0.906556
1.375	0.922063
1.5	0.936434
1.625	0.949816
1.75	0.962321
1.875	0.974045
2	0.985071
2.125	0.995467
2.25	1.00535
2.375	1.01503
2.5	1.02458
2.625	1.03398
2.75	1.04326
2.875	1.05242
3	1.06147
3.125	1.07042
3.25	1.07926
3.375	1.08802
3.5	1.0967
3.625	1.1053
3.75	1.11384
3.875	1.12231
4	1.13073
4.125	1.1391
4.25	1.14743
4.375	1.15572
4.5	1.16399
4.625	1.17224
4.75	1.18048
4.875	1.18871
5	1.19695
5.125	1.20521
5.25	1.21349
5.375	1.2218
5.5	1.23016
5.625	1.23857
5.75	1.24706
5.875	1.25563
6	1.2643
6.125	1.27309
6.25	1.28203
6.375	1.29114
6.5	1.30045
6.625	1.30999
6.75	1.31981
6.875	1.32998
7	1.34055
7.125	1.35164
7.25	1.36336
7.375	1.3759
7.5	1.38957
7.625	1.40485
7.75	1.4227
7.875	1.4456
8	1.49921
8.125	1.55572
8.25	1.57856
8.375	1.59593
8.5	1.61043
8.625	1.62309
8.75	1.63443
8.875	1.64477
9	1.6543
9.125	1.66318
9.25	1.6715
9.375	1.67934
9.5	1.68677
9.625	1.69383
9.75	1.70057
9.875	1.70702
10	1.7132
10.125	1.71914
10.25	1.72486
10.375	1.73037
10.5	1.7357
10.625	1.74085
10.75	1.74584
10.875	1.75068
11	1.75538
11.125	1.75994
11.25	1.76437
11.375	1.76869
11.5	1.77289
11.625	1.77698
11.75	1.78097
11.875	1.78487
12	1.78867
market price[normal]
0	-4
0.125	-0.792102
0.25	-0.482091
0.375	-0.287451
0.5	-0.143059
0.625	-0.0274473
0.75	0.0693411
0.875	0.152769
1	0.22617
1.125	0.291758
1.25	0.351076
1.375	0.405229
1.5	0.455065
1.625	0.501219
1.75	0.54421
1.875	0.58444
2	0.622241
2.125	0.657893
2.25	0.691618
2.375	0.723624
2.5	0.754067
2.625	0.783092
2.75	0.810822
2.875	0.837371
3	0.862828
3.125	0.88728
3.25	0.910801
3.375	0.933458
3.5	0.955308
3.625	0.976405
3.75	0.996808
3.875	1.01655
4	1.03568
4.125	1.05422
4.25	1.07221
4.375	1.08969
4.5	1.10669
4.625	1.12321
4.75	1.1393
4.875	1.15498
5	1.17025
5.125	1.18515
5.25	1.19969
5.375	1.21388
5.5	1.22774
5.625	1.24129
5.75	1.25454
5.875	1.2675
6	1.28018
6.125	1.2926
6.25	1.30476
6.375	1.31668
6.5	1.32836
6.625	1.33981
6.75	1.35105
6.875	1.36207
7	1.37289
7.125	1.38352
7.25	1.39395
7.375	1.40421
7.5	1.41428
7.625	1.42419
7.75	1.43392
7.875	1.4435
8	1.45292
8.125	1.46219
8.25	1.47132
8.375	1.4803
8.5	1.48914
8.625	1.49785
8.75	1.50643
8.875	1.51489
9	1.52322
9.125	1.53143
9.25	1.53953
9.375	1.54751
9.5	1.55539
9.625	1.56315
9.75	1.57081
9.875	1.57837
10	1.58583
10.125	1.59319
10.25	1.60046
10.375	1.60764
10.5	1.61473
10.625	1.62172
10.75	1.62864
10.875	1.63547
11	1.64222
11.125	1.64888
11.25	1.65547
11.375	1.66198
11.5	1.66842
11.625	1.67479
11.75	1.68108
11.875	1.6873
12	1.69346
market price[exponential]
0	-9
0.125	-2.12057
0.25	-1.44407
0.375	-1.05502
0.5	-0.78348
0.625	-0.576236
0.75	-0.409556
0.875	-0.270817
1	-0.152467
1.125	-0.0496348
1.25	0.0410022
1.375	0.121795
1.5	0.194498
1.625	0.260439
1.75	0.320636
1.875	0.375909
2	0.426918
2.125	0.474189
2.25	0.518169
2.375	0.559234
2.5	0.597687
2.625	0.633804
2.75	0.667809
2.875	0.699897
3	0.730247
3.125	0.759003
3.25	0.786306
3.375	0.812264
3.5	0.836991
3.625	0.860575
3.75	0.883097
3.875	0.904639
4	0.925264
4.125	0.945033
4.25	0.964005
4.375	0.982225
4.5	0.999748
4.625	1.01679
4.75	1.03356
4.875	1.05006
5	1.0663
5.125	1.08228
5.25	1.09801
5.375	1.11349
5.5	1.12873
5.625	1.14374
5.75	1.15851
5.875	1.17305
6	1.18737
6.125	1.20147
6.25	1.21535
6.375	1.22903
6.5	1.24249
6.625	1.25575
6.75	1.26882
6.875	1.28168
7	1.29436
7.125	1.30684
7.25	1.31915
7.375	1.33127
7.5	1.34321
7.625	1.35498
7.75	1.36657
7.875	1.378
8	1.38927
8.125	1.40037
8.25	1.41131
8.375	1.4221
8.5	1.43274
8.625	1.44322
8.75	1.45356
8.875	1.46376
9	1.47381
9.125	1.48372
9.25	1.4935
9.375	1.50314
9.5	1.51265
9.625	1.52203
9.75	1.53129
9.875	1.54042
10	1.54942
10.125	1.55831
10.25	1.56708
10.375	1.57574
10.5	1.58428
10.625	1.59271
10.75	1.60103
10.875	1.60924
11	1.61734
11.125	1.62535
11.25	1.63325
11.375	1.64105
11.5	1.64875
11.625	1.65635
11.75	1.66386
11.875	1.67128
12	1.67861
reference demand[fixed,d1]
0	500
reference demand[fixed,d2]
0	300
reference demand[rectangular,d1]
0	500
reference demand[rectangular,d2]
0	300
reference demand[triangular,d1]
0	500
reference demand[triangular,d2]
0	300
reference demand[normal,d1]
0	500
reference demand[normal,d2]
0	300
reference demand[exponential,d1]
0	500
reference demand[exponential,d2]
0	300
SAVEPER
0	0.125
0.125	0.125
0.25	0.125
0.375	0.125
0.5	0.125
0.625	0.125
0.75	0.125
0.875	0.125
1	0.125
1.125	0.125
1.25	0.125
1.375	0.125
1.5	0.125
1.625	0.125
1.75	0.125
1.875	0.125
2	0.125
2.125	0.125
2.25	0.125
2.375	0.125
2.5	0.125
2.625	0.125
2.75	0.125
2.875	0.125
3	0.125
3.125	0.125
3.25	0.125
3.375	0.125
3.5	0.125
3.625	0.125
3.75	0.125
3.875	0.125
4	0.125
4.125	0.125
4.25	0.125
4.375	0.125
4.5	0.125
4.625	0.125
4.75	0.125
4.875	0.125
5	0.125
5.125	0.125
5.25	0.125
5.375	0.125
5.5	0.125
5.625	0.125
5.75	0.125
5.875	0.125
6	0.125
6.125	0.125
6.25	0.125
6.375	0.125
6.5	0.125
6.625	0.125
6.75	0.125
6.875	0.125
7	0.125
7.125	0.125
7.25	0.125
7.375	0.125
7.5	0.125
7.625	0.125
7.75	0.125
7.875	0.125
8	0.125
8.125	0.125
8.25	0.125
8.375	0.125
8.5	0.125
8.625	0.125
8.75	0.125
8.875	0.125
9	0.125
9.125	0.125
9.25	0.125
9.375	0.125
9.5	0.125
9.625	0.125
9.75	0.125
9.875	0.125
10	0.125
10.125	0.125
10.25	0.125
10.375	0.125
10.5	0.125
10.625	0.125
10.75	0.125
10.875	0.125
11	0.125
11.125	0.125
11.25	0.125
11.375	0.125
11.5	0.125
11.625	0.125
11.75	0.125
11.875	0.125
12	0.125
supply capacity[fixed,s1]
0	200
supply capacity[fixed,s2]
0	300
supply capacity[fixed,s3]
0	450
supply capacity[rectangular,s1]
0	200
supply capacity[rectangular,s2]
0	300
supply capacity[rectangular,s3]
0	450
supply capacity[triangular,s1]
0	200
supply capacity[triangular,s2]
0	300
supply capacity[triangular,s3]
0	450
supply capacity[normal,s1]
0	200
supply capacity[normal,s2]
0	300
supply capacity[normal,s3]
0	450
supply capacity[exponential,s1]
0	200
supply capacity[exponential,s2]
0	300
supply capacity[exponential,s3]
0	450
supply priority vector[fixed,s1,ptype]
0	0
supply priority vector[fixed,s1,ppriority]
0	1
supply priority vector[fixed,s1,pwidth]
0	1
supply priority vector[fixed,s1,pextra]
0	0
supply priority vector[fixed,s2,ptype]
0	0
supply priority vector[fixed,s2,ppriority]
0	2
supply priority vector[fixed,s2,pwidth]
0	1
supply priority vector[fixed,s2,pextra]
0	0
supply priority vector[fixed,s3,ptype]
0	0
supply priority vector[fixed,s3,ppriority]
0	3
supply priority vector[fixed,s3,pwidth]
0	1
supply priority vector[fixed,s3,pextra]
0	0
supply priority vector[rectangular,s1,ptype]
0	1
supply priority vector[rectangular,s1,ppriority]
0	1
supply priority vector[rectangular,s1,pwidth]
0	1
supply priority vector[rectangular,s1,pextra]
0	0
supply priority vector[rectangular,s2,ptype]
0	1
supply priority vector[rectangular,s2,ppriority]
0	2
supply priority vector[rectangular,s2,pwidth]
0	1
supply priority vector[rectangular,s2,pextra]
0	0
supply priority vector[rectangular,s3,ptype]
0	1
supply priority vector[rectangular,s3,ppriority]
0	3
supply priority vector[rectangular,s3,pwidth]
0	1
supply priority vector[rectangular,s3,pextra]
0	0
supply priority vector[triangular,s1,ptype]
0	2
supply priority vector[triangular,s1,ppriority]
0	1
supply priority vector[triangular,s1,pwidth]
0	1
supply priority vector[triangular,s1,pextra]
0	0
supply priority vector[triangular,s2,ptype]
0	2
supply priority vector[triangular,s2,ppriority]
0	2
supply priority vector[triangular,s2,pwidth]
0	1
supply priority vector[triangular,s2,pextra]
0	0
supply priority vector[triangular,s3,ptype]
0	2
supply priority vector[triangular,s3,ppriority]
0	3
supply priority vector[triangular,s3,pwidth]
0	1
supply priority vector[triangular,s3,pextra]
0	0
supply priority vector[normal,s1,ptype]
0	3
supply priority vector[normal,s1,ppriority]
0	1
supply priority vector[normal,s1,pwidth]
0	1
supply priority vector[normal,s1,pextra]
0	0
supply priority vector[normal,s2,ptype]
0	3
supply priority vector[normal,s2,ppriority]
0	2
supply priority vector[normal,s2,pwidth]
0	1
supply priority vector[normal,s2,pextra]
0	0
supply priority vector[normal,s3,ptype]
0	3
supply priority vector[normal,s3,ppriority]
0	3
supply priority vector[normal,s3,pwidth]
0	1
supply priority vector[normal,s3,pextra]
0	0
supply priority vector[exponential,s1,ptype]
0	4
supply priority vector[exponential,s1,ppriority]
0	1
supply priority vector[exponential,s1,pwidth]
0	1
supply priority vector[exponential,s1,pextra]
0	0
supply priority vector[exponential,s2,ptype]
0	4
supply priority vector[exponential,s2,ppriority]
0	2
supply priority vector[exponential,s2,pwidth]
0	1
supply priority vector[exponential,s2,pextra]
0	0
supply priority vector[exponential,s3,ptype]
0	4
supply priority vector[exponential,s3,ppriority]
0	3
supply priority vector[exponential,s3,pwidth]
0	1
supply priority vector[exponential,s3,pextra]
0	0
TIME STEP
0	0.125
