b
2020	0
2021	0.033333
2022	0.066667
2023	0.1
2024	0.133333
2025	0.166667
2026	0.2
2027	0.233333
2028	0.266667
2029	0.3
2030	0.333333
2031	0.366667
2032	0.4
2033	0.433333
2034	0.466667
2035	0.5
2036	0.533333
2037	0.566667
2038	0.6
2039	0.633333
2040	0.666667
2041	0.7
2042	0.733333
2043	0.766667
2044	0.8
2045	0.833333
2046	0.866667
2047	0.9
2048	0.933333
2049	0.966667
2050	1
c
2020	2035
2021	2035
2022	2035
2023	2035
2024	2035
2025	2035
2026	2035
2027	2035
2028	2035
2029	2035
2030	2035
2031	2035
2032	2035
2033	2035
2034	2035
2035	2035
2036	2035
2037	2035
2038	2035
2039	2035
2040	2035
2041	2035
2042	2035
2043	2035
2044	2035
2045	2035
2046	2035
2047	2035
2048	2035
2049	2035
2050	2035
d
2020	0.3
2021	0.3
2022	0.3
2023	0.3
2024	0.3
2025	0.3
2026	0.3
2027	0.3
2028	0.3
2029	0.3
2030	0.3
2031	0.3
2032	0.3
2033	0.3
2034	0.3
2035	0.3
2036	0.3
2037	0.3
2038	0.3
2039	0.3
2040	0.3
2041	0.3
2042	0.3
2043	0.3
2044	0.3
2045	0.3
2046	0.3
2047	0.3
2048	0.3
2049	0.3
2050	0.3
e
2020	0.266667
2021	0.266667
2022	0.266667
2023	0.266667
2024	0.266667
2025	0.266667
2026	0.266667
2027	0.266667
2028	0.266667
2029	0.266667
2030	0.266667
2031	0.266667
2032	0.266667
2033	0.266667
2034	0.266667
2035	0.266667
2036	0.266667
2037	0.266667
2038	0.266667
2039	0.266667
2040	0.266667
2041	0.266667
2042	0.266667
2043	0.266667
2044	0.266667
2045	0.266667
2046	0.266667
2047	0.266667
2048	0.266667
2049	0.266667
2050	0.266667
f
2020	0.269999
2021	0.269999
2022	0.269999
2023	0.269999
2024	0.269999
2025	0.269999
2026	0.269999
2027	0.269999
2028	0.269999
2029	0.269999
2030	0.269999
2031	0.269999
2032	0.269999
2033	0.269999
2034	0.269999
2035	0.269999
2036	0.269999
2037	0.269999
2038	0.269999
2039	0.269999
2040	0.269999
2041	0.269999
2042	0.269999
2043	0.269999
2044	0.269999
2045	0.269999
2046	0.269999
2047	0.269999
2048	0.269999
2049	0.269999
2050	0.269999
FINAL TIME
2020	2050
h
2020	1
2021	1
2022	1
2023	1
2024	1
2025	1
2026	1
2027	1
2028	1
2029	1
2030	1
2031	1
2032	1
2033	1
2034	1
2035	1
2036	1
2037	1
2038	1
2039	1
2040	1
2041	1
2042	1
2043	1
2044	1
2045	1
2046	1
2047	1
2048	1
2049	1
2050	1
INITIAL TIME
2020	2020
SAVEPER
2020	1
2021	1
2022	1
2023	1
2024	1
2025	1
2026	1
2027	1
2028	1
2029	1
2030	1
2031	1
2032	1
2033	1
2034	1
2035	1
2036	1
2037	1
2038	1
2039	1
2040	1
2041	1
2042	1
2043	1
2044	1
2045	1
2046	1
2047	1
2048	1
2049	1
2050	1
TIME STEP
2020	1
