Average Duration of Illness d
0	2
Contact Rate c
0	0
2	0.004
4	0.012
6	0.02
8	0.028
10	0.036
12	0.044
14	0.052
16	0.06
18	0.068
20	0.076
22	0.084
24	0.092
26	0.1
28	0.108
30	0.116
32	0.124
34	0.132
36	0.14
38	0.148
40	0.156
42	0.164
44	0.172
46	0.18
48	0.188
50	0.196
52	0.204
54	0.212
56	0.22
58	0.228
60	0.236
62	0.244
64	0.252
66	0.26
68	0.268
70	0.276
72	0.284
74	0.292
76	0.3
78	0.308
80	0.316
82	0.324
84	0.332
86	0.34
88	0.348
90	0.356
92	0.364
94	0.372
96	0.38
98	0.388
100	0.396
102	0.404
104	0.412
106	0.42
108	0.428
110	0.436
112	0.444
114	0.452
116	0.46
118	0.468
120	0.476
122	0.484
124	0.492
126	0.5
128	0.508
130	0.516
132	0.524
134	0.532
136	0.54
138	0.548
140	0.556
142	0.564
144	0.572
146	0.58
148	0.588
150	0.596
152	0.604
154	0.612
156	0.62
158	0.628
160	0.636
162	0.644
164	0.652
166	0.66
168	0.668
170	0.676
172	0.684
174	0.692
176	0.7
178	0.708
180	0.716
182	0.724
184	0.732
186	0.74
188	0.748
190	0.756
192	0.764
194	0.772
196	0.78
198	0.788
200	0.796
202	0.804
204	0.812
206	0.82
208	0.828
210	0.836
212	0.844
214	0.852
216	0.86
218	0.868
220	0.876
222	0.884
224	0.892
226	0.9
228	0.908
230	0.916
232	0.924
234	0.932
236	0.94
238	0.948
240	0.956
242	0.964
244	0.972
246	0.98
248	0.988
250	0.996
252	1.004
254	1.012
256	1.02
258	1.028
260	1.036
262	1.044
264	1.052
266	1.06
268	1.068
270	1.076
272	1.084
274	1.092
276	1.1
278	1.108
280	1.116
282	1.124
284	1.132
286	1.14
288	1.148
290	1.156
292	1.164
294	1.172
296	1.18
298	1.188
300	1.196
302	1.204
304	1.212
306	1.22
308	1.228
310	1.236
312	1.244
314	1.252
316	1.26
318	1.268
320	1.276
322	1.284
324	1.292
326	1.3
328	1.308
330	1.316
332	1.324
334	1.332
336	1.34
338	1.348
340	1.356
342	1.364
344	1.372
346	1.38
348	1.388
350	1.396
352	1.404
354	1.412
356	1.42
358	1.428
360	1.436
362	1.444
364	1.452
366	1.46
368	1.468
370	1.476
372	1.484
374	1.492
376	1.5
378	1.508
380	1.516
382	1.524
384	1.532
386	1.54
388	1.548
390	1.556
392	1.564
394	1.572
396	1.58
398	1.588
400	1.596
402	1.604
404	1.612
406	1.62
408	1.628
410	1.636
412	1.644
414	1.652
416	1.66
418	1.668
420	1.676
422	1.684
424	1.692
426	1.7
428	1.708
430	1.716
432	1.724
434	1.732
436	1.74
438	1.748
440	1.756
442	1.764
444	1.772
446	1.78
448	1.788
450	1.796
452	1.804
454	1.812
456	1.82
458	1.828
460	1.836
462	1.844
464	1.852
466	1.86
468	1.868
470	1.876
472	1.884
474	1.892
476	1.9
478	1.908
480	1.916
482	1.924
484	1.932
486	1.94
488	1.948
490	1.956
492	1.964
494	1.972
496	1.98
498	1.988
500	1.996
502	2.004
504	2.012
506	2.02
508	2.028
510	2.036
512	2.044
514	2.052
516	2.06
518	2.068
520	2.076
522	2.084
524	2.092
526	2.1
528	2.108
530	2.116
532	2.124
534	2.132
536	2.14
538	2.148
540	2.156
542	2.164
544	2.172
546	2.18
548	2.188
550	2.196
552	2.204
554	2.212
556	2.22
558	2.228
560	2.236
562	2.244
564	2.252
566	2.26
568	2.268
570	2.276
572	2.284
574	2.292
576	2.3
578	2.308
580	2.316
582	2.324
584	2.332
586	2.34
588	2.348
590	2.356
592	2.364
594	2.372
596	2.38
598	2.388
600	2.396
602	2.404
604	2.412
606	2.42
608	2.428
610	2.436
612	2.444
614	2.452
616	2.46
618	2.468
620	2.476
622	2.484
624	2.492
626	2.5
628	2.508
630	2.516
632	2.524
634	2.532
636	2.54
638	2.548
640	2.556
642	2.564
644	2.572
646	2.58
648	2.588
650	2.596
652	2.604
654	2.612
656	2.62
658	2.628
660	2.636
662	2.644
664	2.652
666	2.66
668	2.668
670	2.676
672	2.684
674	2.692
676	2.7
678	2.708
680	2.716
682	2.724
684	2.732
686	2.74
688	2.748
690	2.756
692	2.764
694	2.772
696	2.78
698	2.788
700	2.796
702	2.804
704	2.812
706	2.82
708	2.828
710	2.836
712	2.844
714	2.852
716	2.86
718	2.868
720	2.876
722	2.884
724	2.892
726	2.9
728	2.908
730	2.916
732	2.924
734	2.932
736	2.94
738	2.948
740	2.956
742	2.964
744	2.972
746	2.98
748	2.988
750	2.996
752	3.004
754	3.012
756	3.02
758	3.028
760	3.036
762	3.044
764	3.052
766	3.06
768	3.068
770	3.076
772	3.084
774	3.092
776	3.1
778	3.108
780	3.116
782	3.124
784	3.132
786	3.14
788	3.148
790	3.156
792	3.164
794	3.172
796	3.18
798	3.188
800	3.196
802	3.204
804	3.212
806	3.22
808	3.228
810	3.236
812	3.244
814	3.252
816	3.26
818	3.268
820	3.276
822	3.284
824	3.292
826	3.3
828	3.308
830	3.316
832	3.324
834	3.332
836	3.34
838	3.348
840	3.356
842	3.364
844	3.372
846	3.38
848	3.388
850	3.396
852	3.404
854	3.412
856	3.42
858	3.428
860	3.436
862	3.444
864	3.452
866	3.46
868	3.468
870	3.476
872	3.484
874	3.492
876	3.5
878	3.508
880	3.516
882	3.524
884	3.532
886	3.54
888	3.548
890	3.556
892	3.564
894	3.572
896	3.58
898	3.588
900	3.596
902	3.604
904	3.612
906	3.62
908	3.628
910	3.636
912	3.644
914	3.652
916	3.66
918	3.668
920	3.676
922	3.684
924	3.692
926	3.7
928	3.708
930	3.716
932	3.724
934	3.732
936	3.74
938	3.748
940	3.756
942	3.764
944	3.772
946	3.78
948	3.788
950	3.796
952	3.804
954	3.812
956	3.82
958	3.828
960	3.836
962	3.844
964	3.852
966	3.86
968	3.868
970	3.876
972	3.884
974	3.892
976	3.9
978	3.908
980	3.916
982	3.924
984	3.932
986	3.94
988	3.948
990	3.956
992	3.964
994	3.972
996	3.98
998	3.988
1000	3.996
1002	4.004
1004	4.012
1006	4.02
1008	4.028
1010	4.036
1012	4.044
1014	4.052
1016	4.06
1018	4.068
1020	4.076
1022	4.084
1024	4.092
1026	4.1
1028	4.108
1030	4.116
1032	4.124
1034	4.132
1036	4.14
1038	4.148
1040	4.156
1042	4.164
1044	4.172
1046	4.18
1048	4.188
1050	4.196
1052	4.204
1054	4.212
1056	4.22
1058	4.228
1060	4.236
1062	4.244
1064	4.252
1066	4.26
1068	4.268
1070	4.276
1072	4.284
1074	4.292
1076	4.3
1078	4.308
1080	4.316
1082	4.324
1084	4.332
1086	4.34
1088	4.348
1090	4.356
1092	4.364
1094	4.372
1096	4.38
1098	4.388
1100	4.396
1102	4.404
1104	4.412
1106	4.42
1108	4.428
1110	4.436
1112	4.444
1114	4.452
1116	4.46
1118	4.468
1120	4.476
1122	4.484
1124	4.492
1126	4.5
1128	4.508
1130	4.516
1132	4.524
1134	4.532
1136	4.54
1138	4.548
1140	4.556
1142	4.564
1144	4.572
1146	4.58
1148	4.588
1150	4.596
1152	4.604
1154	4.612
1156	4.62
1158	4.628
1160	4.636
1162	4.644
1164	4.652
1166	4.66
1168	4.668
1170	4.676
1172	4.684
1174	4.692
1176	4.7
1178	4.708
1180	4.716
1182	4.724
1184	4.732
1186	4.74
1188	4.748
1190	4.756
1192	4.764
1194	4.772
1196	4.78
1198	4.788
1200	4.796
1202	4.804
1204	4.812
1206	4.82
1208	4.828
1210	4.836
1212	4.844
1214	4.852
1216	4.86
1218	4.868
1220	4.876
1222	4.884
1224	4.892
1226	4.9
1228	4.908
1230	4.916
1232	4.924
1234	4.932
1236	4.94
1238	4.948
1240	4.956
1242	4.964
1244	4.972
1246	4.98
1248	4.988
1250	4.996
1252	5.004
1254	5.012
1256	5.02
1258	5.028
1260	5.036
1262	5.044
1264	5.052
1266	5.06
1268	5.068
1270	5.076
1272	5.084
1274	5.092
1276	5.1
1278	5.108
1280	5.116
1282	5.124
1284	5.132
1286	5.14
1288	5.148
1290	5.156
1292	5.164
1294	5.172
1296	5.18
1298	5.188
1300	5.196
1302	5.204
1304	5.212
1306	5.22
1308	5.228
1310	5.236
1312	5.244
1314	5.252
1316	5.26
1318	5.268
1320	5.276
1322	5.284
1324	5.292
1326	5.3
1328	5.308
1330	5.316
1332	5.324
1334	5.332
1336	5.34
1338	5.348
1340	5.356
1342	5.364
1344	5.372
1346	5.38
1348	5.388
1350	5.396
1352	5.404
1354	5.412
1356	5.42
1358	5.428
1360	5.436
1362	5.444
1364	5.452
1366	5.46
1368	5.468
1370	5.476
1372	5.484
1374	5.492
1376	5.5
1378	5.508
1380	5.516
1382	5.524
1384	5.532
1386	5.54
1388	5.548
1390	5.556
1392	5.564
1394	5.572
1396	5.58
1398	5.588
1400	5.596
1402	5.604
1404	5.612
1406	5.62
1408	5.628
1410	5.636
1412	5.644
1414	5.652
1416	5.66
1418	5.668
1420	5.676
1422	5.684
1424	5.692
1426	5.7
1428	5.708
1430	5.716
1432	5.724
1434	5.732
1436	5.74
1438	5.748
1440	5.756
1442	5.764
1444	5.772
1446	5.78
1448	5.788
1450	5.796
1452	5.804
1454	5.812
1456	5.82
1458	5.828
1460	5.836
1462	5.844
1464	5.852
1466	5.86
1468	5.868
1470	5.876
1472	5.884
1474	5.892
1476	5.9
1478	5.908
1480	5.916
1482	5.924
1484	5.932
1486	5.94
1488	5.948
1490	5.956
1492	5.964
1494	5.972
1496	5.98
1498	5.988
1500	5.996
1502	6.004
1504	6.012
1506	6.02
1508	6.028
1510	6.036
1512	6.044
1514	6.052
1516	6.06
1518	6.068
1520	6.076
1522	6.084
1524	6.092
1526	6.1
1528	6.108
1530	6.116
1532	6.124
1534	6.132
1536	6.14
1538	6.148
1540	6.156
1542	6.164
1544	6.172
1546	6.18
1548	6.188
1550	6.196
1552	6.204
1554	6.212
1556	6.22
1558	6.228
1560	6.236
1562	6.244
1564	6.252
1566	6.26
1568	6.268
1570	6.276
1572	6.284
1574	6.292
1576	6.3
1578	6.308
1580	6.316
1582	6.324
1584	6.332
1586	6.34
1588	6.348
1590	6.356
1592	6.364
1594	6.372
1596	6.38
1598	6.388
1600	6.396
1602	6.404
1604	6.412
1606	6.42
1608	6.428
1610	6.436
1612	6.444
1614	6.452
1616	6.46
1618	6.468
1620	6.476
1622	6.484
1624	6.492
1626	6.5
1628	6.508
1630	6.516
1632	6.524
1634	6.532
1636	6.54
1638	6.548
1640	6.556
1642	6.564
1644	6.572
1646	6.58
1648	6.588
1650	6.596
1652	6.604
1654	6.612
1656	6.62
1658	6.628
1660	6.636
1662	6.644
1664	6.652
1666	6.66
1668	6.668
1670	6.676
1672	6.684
1674	6.692
1676	6.7
1678	6.708
1680	6.716
1682	6.724
1684	6.732
1686	6.74
1688	6.748
1690	6.756
1692	6.764
1694	6.772
1696	6.78
1698	6.788
1700	6.796
1702	6.804
1704	6.812
1706	6.82
1708	6.828
1710	6.836
1712	6.844
1714	6.852
1716	6.86
1718	6.868
1720	6.876
1722	6.884
1724	6.892
1726	6.9
1728	6.908
1730	6.916
1732	6.924
1734	6.932
1736	6.94
1738	6.948
1740	6.956
1742	6.964
1744	6.972
1746	6.98
1748	6.988
1750	6.996
1752	7.004
1754	7.012
1756	7.02
1758	7.028
1760	7.036
1762	7.044
1764	7.052
1766	7.06
1768	7.068
1770	7.076
1772	7.084
1774	7.092
1776	7.1
1778	7.108
1780	7.116
1782	7.124
1784	7.132
1786	7.14
1788	7.148
1790	7.156
1792	7.164
1794	7.172
1796	7.18
1798	7.188
1800	7.196
1802	7.204
1804	7.212
1806	7.22
1808	7.228
1810	7.236
1812	7.244
1814	7.252
1816	7.26
1818	7.268
1820	7.276
1822	7.284
1824	7.292
1826	7.3
1828	7.308
1830	7.316
1832	7.324
1834	7.332
1836	7.34
1838	7.348
1840	7.356
1842	7.364
1844	7.372
1846	7.38
1848	7.388
1850	7.396
1852	7.404
1854	7.412
1856	7.42
1858	7.428
1860	7.436
1862	7.444
1864	7.452
1866	7.46
1868	7.468
1870	7.476
1872	7.484
1874	7.492
1876	7.5
1878	7.508
1880	7.516
1882	7.524
1884	7.532
1886	7.54
1888	7.548
1890	7.556
1892	7.564
1894	7.572
1896	7.58
1898	7.588
1900	7.596
1902	7.604
1904	7.612
1906	7.62
1908	7.628
1910	7.636
1912	7.644
1914	7.652
1916	7.66
1918	7.668
1920	7.676
1922	7.684
1924	7.692
1926	7.7
1928	7.708
1930	7.716
1932	7.724
1934	7.732
1936	7.74
1938	7.748
1940	7.756
1942	7.764
1944	7.772
1946	7.78
1948	7.788
1950	7.796
1952	7.804
1954	7.812
1956	7.82
1958	7.828
1960	7.836
1962	7.844
1964	7.852
1966	7.86
1968	7.868
1970	7.876
1972	7.884
1974	7.892
1976	7.9
1978	7.908
1980	7.916
1982	7.924
1984	7.932
1986	7.94
1988	7.948
1990	7.956
1992	7.964
1994	7.972
1996	7.98
1998	7.988
2000	7.996
Contact Rate Ramp Slope
0	0.004
FINAL TIME
0	2000
Infection Rate
0	0
2	0.000392864
4	0.000406714
6	0.000234988
8	0.000114569
10	5.15327e-05
12	2.21354e-05
14	9.2357e-06
16	3.77945e-06
18	1.52607e-06
20	6.10437e-07
22	2.42574e-07
24	9.59544e-08
26	3.78409e-08
28	1.4895e-08
30	5.85733e-09
32	2.30281e-09
34	9.05676e-10
36	3.56498e-10
38	1.40503e-10
40	5.54636e-11
42	2.19357e-11
44	8.69404e-12
46	3.45392e-12
48	1.37564e-12
50	5.49377e-13
52	0.022118
54	0.00888446
56	0.00357976
58	0.00144696
60	0.000586785
62	0.000238756
64	9.74796e-05
66	3.99379e-05
68	1.64208e-05
70	6.77588e-06
72	2.8062e-06
74	1.16647e-06
76	4.86681e-07
78	2.03822e-07
80	8.56858e-08
82	3.616e-08
84	1.53188e-08
86	6.51489e-09
88	2.78155e-09
90	1.19227e-09
92	5.13075e-10
94	2.21672e-10
96	9.61556e-11
98	4.18773e-11
100	1.83117e-11
102	0.0483066
104	0.0212944
106	0.00942521
108	0.00418877
110	0.00186921
112	0.000837543
114	0.000376826
116	0.00017024
118	7.72275e-05
120	3.51785e-05
122	1.60909e-05
124	7.39066e-06
126	3.4087e-06
128	1.57871e-06
130	7.34211e-07
132	3.42887e-07
134	1.60803e-07
136	7.57272e-08
138	3.58117e-08
140	1.70066e-08
142	8.11013e-09
144	3.88383e-09
146	1.86773e-09
148	9.01972e-10
150	4.37418e-10
152	0.0795383
154	0.0388977
156	0.0191029
158	0.00942121
160	0.00466598
162	0.00232065
164	0.00115906
166	0.000581347
168	0.000292817
170	0.000148112
172	7.52344e-05
174	3.83775e-05
176	1.96594e-05
178	1.01134e-05
180	5.22468e-06
182	2.71054e-06
184	1.41217e-06
186	7.38845e-07
188	3.88198e-07
190	2.04828e-07
192	1.08532e-07
194	5.77517e-08
196	3.08607e-08
198	1.65608e-08
200	8.92462e-09
202	0.116446
204	0.0632833
206	0.0345373
208	0.0189287
210	0.0104181
212	0.00575825
214	0.00319613
216	0.00178152
218	0.000997222
220	0.000560563
222	0.000316438
224	0.000179384
226	0.00010212
228	5.83809e-05
230	3.35165e-05
232	1.93232e-05
234	1.11873e-05
236	6.50436e-06
238	3.79762e-06
240	2.22662e-06
242	1.31102e-06
244	7.75173e-07
246	4.60273e-07
248	2.74447e-07
250	1.64334e-07
252	0.15972
254	0.0964396
256	0.0584757
258	0.0356056
260	0.0217713
262	0.0133682
264	0.00824294
266	0.00510402
268	0.00317368
270	0.00198169
272	0.00124258
274	0.000782409
276	0.000494721
278	0.000314127
280	0.000200293
282	0.000128246
284	8.24585e-05
286	5.32405e-05
288	3.45194e-05
290	2.24749e-05
292	1.46942e-05
294	9.6473e-06
296	6.36029e-06
298	4.21074e-06
300	2.7993e-06
302	0.210108
304	0.140838
306	0.0947982
308	0.0640747
310	0.0434888
312	0.0296396
314	0.0202849
316	0.0139404
318	0.00962013
320	0.00666637
322	0.00463873
324	0.00324123
326	0.00227416
328	0.00160225
330	0.00113355
332	0.000805282
334	0.000574451
336	0.000411485
338	0.000295972
340	0.000213768
342	0.000155035
344	0.000112904
346	8.25624e-05
348	6.06243e-05
350	4.46995e-05
352	0.268439
354	0.199543
356	0.148939
358	0.111625
360	0.0840039
362	0.0634773
364	0.0481637
366	0.0366948
368	0.0280718
370	0.0215635
372	0.0166322
374	0.0128813
376	0.0100173
378	0.00782202
380	0.00613292
382	0.00482829
384	0.00381678
386	0.00302955
388	0.00241453
390	0.00193225
392	0.00155263
394	0.0012527
396	0.00101484
398	0.000825508
400	0.000674242
402	0.336021
404	0.276656
406	0.2287
408	0.189822
410	0.158192
412	0.132366
414	0.111206
416	0.093807
418	0.0794512
420	0.0675653
422	0.0576904
424	0.0494586
426	0.0425732
428	0.0367948
430	0.0319296
432	0.0278199
434	0.0243373
436	0.0213769
438	0.0188525
440	0.0166935
442	0.0148415
444	0.0132483
446	0.0118739
448	0.010685
450	0.00965401
452	0.420885
454	0.383278
456	0.350416
458	0.321643
460	0.296406
462	0.274235
464	0.254731
466	0.237555
468	0.222418
470	0.209074
472	0.197313
474	0.186953
476	0.177842
478	0.169848
480	0.162858
482	0.156777
484	0.151522
486	0.147025
488	0.143228
490	0.140083
492	0.137551
494	0.1356
496	0.134207
498	0.133354
500	0.133032
502	0.632096
504	0.635423
506	0.641227
508	0.649574
510	0.660558
512	0.674305
514	0.690976
516	0.710765
518	0.733912
520	0.760699
522	0.791459
524	0.826583
526	0.866527
528	0.911822
530	0.963084
532	1.02103
534	1.08649
536	1.16043
538	1.24395
540	1.33837
542	1.44519
544	1.56615
546	1.7033
548	1.859
550	2.03603
552	2.82956
554	3.11932
556	3.44966
558	3.82678
560	4.25782
562	4.75103
564	5.31594
566	5.96348
568	6.70616
570	7.55816
572	8.53554
574	9.65619
576	10.9399
578	12.4081
580	14.0836
582	15.9898
584	18.1502
586	20.586
588	23.3151
590	26.3489
592	29.689
594	33.3236
596	37.2231
598	41.336
600	45.5855
602	50.4549
604	54.6728
606	58.6284
608	62.1544
610	65.0843
612	67.2674
614	68.5856
616	68.966
618	68.3905
620	66.8966
622	64.5729
624	61.5477
626	57.9747
628	54.0172
630	49.8341
632	45.5694
634	41.3452
636	37.2583
638	33.3801
640	29.7587
642	26.422
644	23.3817
646	20.6369
648	18.1777
650	15.9882
652	14.4368
654	12.6757
656	11.1268
658	9.76818
660	8.57899
662	7.53964
664	6.63219
666	5.8404
668	5.14971
670	4.54722
672	4.0215
674	3.56256
676	3.16162
678	2.81108
680	2.50429
682	2.23549
684	1.99971
686	1.79262
688	1.61048
690	1.45007
692	1.30859
694	1.18362
696	1.07308
698	0.975137
700	0.888236
702	1.22934
704	1.12484
706	1.03161
708	0.948329
710	0.873828
712	0.807095
714	0.747243
716	0.693495
718	0.64517
720	0.601671
722	0.562474
724	0.527118
726	0.495198
728	0.466357
730	0.44028
732	0.41669
734	0.395342
736	0.37602
738	0.358531
740	0.342708
742	0.3284
744	0.315476
746	0.303817
748	0.293321
750	0.283896
752	0.746084
754	0.725493
756	0.707142
758	0.69089
760	0.676616
762	0.664213
764	0.653589
766	0.644665
768	0.637378
770	0.631673
772	0.627509
774	0.624857
776	0.623696
778	0.624017
780	0.625821
782	0.629119
784	0.633933
786	0.640294
788	0.648246
790	0.657844
792	0.669154
794	0.682254
796	0.697239
798	0.714214
800	0.733303
802	1.28037
804	1.32017
806	1.36408
808	1.41242
810	1.46551
812	1.52373
814	1.58748
816	1.65723
818	1.73347
820	1.81676
822	1.90771
824	2.00698
826	2.11533
828	2.23355
830	2.36252
832	2.50321
834	2.65667
836	2.82404
838	3.00655
840	3.20554
842	3.42244
844	3.65877
846	3.91617
848	4.19634
850	4.50107
852	5.40046
854	5.79968
856	6.23094
858	6.69587
860	7.19594
862	7.73234
864	8.30593
866	8.9171
868	9.56566
870	10.2507
872	10.9705
874	11.7222
876	12.5021
878	13.3049
880	14.1242
882	14.952
884	15.7792
886	16.595
888	17.3878
890	18.1449
892	18.853
894	19.4986
896	20.0686
898	20.5508
900	20.9343
902	21.721
904	21.877
906	21.9078
908	21.8125
910	21.5936
912	21.2566
914	20.8095
916	20.2628
918	19.6289
920	18.9213
922	18.1539
924	17.3411
926	16.4966
928	15.6333
930	14.7632
932	13.8969
934	13.0433
936	12.2103
938	11.4039
940	10.629
942	9.88918
944	9.18681
946	8.52337
948	7.89948
950	7.31508
952	7.19961
954	6.657
956	6.15265
958	5.68505
960	5.25248
962	4.85306
964	4.48485
966	4.14587
968	3.83414
970	3.54774
972	3.2848
974	3.04353
976	2.82225
978	2.61935
980	2.43334
982	2.26282
984	2.1065
986	1.96317
988	1.83175
990	1.71119
992	1.60058
994	1.49906
996	1.40585
998	1.32022
1000	1.24154
1002	1.61399
1004	1.5215
1006	1.43618
1008	1.35745
1010	1.28478
1012	1.21769
1014	1.15573
1016	1.09849
1018	1.0456
1020	0.996722
1022	0.951537
1024	0.909763
1026	0.871141
1028	0.835432
1030	0.802422
1032	0.771911
1034	0.743719
1036	0.717683
1038	0.693651
1040	0.671489
1042	0.651071
1044	0.632284
1046	0.615026
1048	0.599203
1050	0.584731
1052	1.0492
1054	1.0267
1056	1.00613
1058	0.987389
1060	0.970399
1062	0.955083
1064	0.941377
1066	0.92922
1068	0.91856
1070	0.90935
1072	0.901552
1074	0.895131
1076	0.890058
1078	0.886312
1080	0.883875
1082	0.882737
1084	0.882889
1086	0.884331
1088	0.887068
1090	0.891106
1092	0.896462
1094	0.903155
1096	0.911208
1098	0.920653
1100	0.931525
1102	1.45503
1104	1.47563
1106	1.49827
1108	1.52302
1110	1.54996
1112	1.57916
1114	1.6107
1116	1.64468
1118	1.68118
1120	1.7203
1122	1.76216
1124	1.80687
1126	1.85455
1128	1.90532
1130	1.95931
1132	2.01666
1134	2.07751
1136	2.142
1138	2.21029
1140	2.28252
1142	2.35885
1144	2.43942
1146	2.52441
1148	2.61394
1150	2.70817
1152	3.34051
1154	3.46237
1156	3.5892
1158	3.72097
1160	3.85762
1162	3.99905
1164	4.14511
1166	4.2956
1168	4.45027
1170	4.60881
1172	4.77084
1174	4.93591
1176	5.10351
1178	5.27305
1180	5.44387
1182	5.61522
1184	5.78629
1186	5.9562
1188	6.12399
1190	6.28866
1192	6.44914
1194	6.60432
1196	6.75308
1198	6.89427
1200	7.02675
1202	7.66465
1204	7.77999
1206	7.88042
1208	7.96488
1210	8.03243
1212	8.08233
1214	8.11398
1216	8.12701
1218	8.12121
1220	8.09661
1222	8.05343
1224	7.99209
1226	7.91321
1228	7.81756
1230	7.7061
1232	7.57991
1234	7.44018
1236	7.2882
1238	7.12533
1240	6.95294
1242	6.77246
1244	6.58526
1246	6.39273
1248	6.19619
1250	5.99691
1252	6.26393
1254	6.04308
1256	5.82182
1258	5.60136
1260	5.38278
1262	5.16704
1264	4.95499
1266	4.74735
1268	4.54476
1270	4.34771
1272	4.15663
1274	3.97184
1276	3.79356
1278	3.62197
1280	3.45715
1282	3.29915
1284	3.14794
1286	3.00347
1288	2.86563
1290	2.73429
1292	2.60931
1294	2.4905
1296	2.37766
1298	2.2706
1300	2.1691
1302	2.53076
1304	2.41825
1306	2.31133
1308	2.20981
1310	2.11349
1312	2.02218
1314	1.93566
1316	1.85373
1318	1.77618
1320	1.70283
1322	1.63346
1324	1.5679
1326	1.50594
1328	1.44742
1330	1.39215
1332	1.33998
1334	1.29074
1336	1.24427
1338	1.20044
1340	1.15911
1342	1.12014
1344	1.08342
1346	1.04881
1348	1.01622
1350	0.985527
1352	1.42831
1354	1.38692
1356	1.34767
1358	1.31048
1360	1.27526
1362	1.24192
1364	1.21038
1366	1.18057
1368	1.15242
1370	1.12584
1372	1.10079
1374	1.07719
1376	1.05499
1378	1.03412
1380	1.01455
1382	0.996213
1384	0.979068
1386	0.963072
1388	0.948184
1390	0.934367
1392	0.921584
1394	0.909804
1396	0.898996
1398	0.889133
1400	0.88019
1402	1.36255
1404	1.35049
1406	1.33941
1408	1.3293
1410	1.32015
1412	1.31193
1414	1.30464
1416	1.29826
1418	1.29279
1420	1.2882
1422	1.28449
1424	1.28165
1426	1.27968
1428	1.27857
1430	1.27831
1432	1.2789
1434	1.28035
1436	1.28264
1438	1.28577
1440	1.28976
1442	1.29459
1444	1.30028
1446	1.30682
1448	1.31422
1450	1.32248
1452	1.83707
1454	1.84963
1456	1.86284
1458	1.87668
1460	1.89115
1462	1.90625
1464	1.92195
1466	1.93826
1468	1.95514
1470	1.97261
1472	1.99063
1474	2.00919
1476	2.02828
1478	2.04787
1480	2.06795
1482	2.0885
1484	2.10948
1486	2.13089
1488	2.15268
1490	2.17484
1492	2.19732
1494	2.22011
1496	2.24315
1498	2.26643
1500	2.28989
1502	2.82219
1504	2.84912
1506	2.87519
1508	2.90032
1510	2.92443
1512	2.94742
1514	2.96922
1516	2.98974
1518	3.00891
1520	3.02665
1522	3.04289
1524	3.05756
1526	3.0706
1528	3.08194
1530	3.09154
1532	3.09935
1534	3.10532
1536	3.10943
1538	3.11164
1540	3.11194
1542	3.1103
1544	3.10673
1546	3.10123
1548	3.09379
1550	3.08445
1552	3.56887
1554	3.55114
1556	3.53025
1558	3.50628
1560	3.47934
1562	3.44955
1564	3.41702
1566	3.38191
1568	3.34435
1570	3.3045
1572	3.26252
1574	3.21858
1576	3.17284
1578	3.12548
1580	3.07666
1582	3.02656
1584	2.97536
1586	2.92321
1588	2.87028
1590	2.81673
1592	2.76271
1594	2.70838
1596	2.65387
1598	2.59931
1600	2.54484
1602	2.96978
1604	2.90335
1606	2.83668
1608	2.76996
1610	2.70337
1612	2.63707
1614	2.57123
1616	2.50598
1618	2.44147
1620	2.3778
1622	2.31508
1624	2.25342
1626	2.19288
1628	2.13356
1630	2.0755
1632	2.01876
1634	1.96338
1636	1.90941
1638	1.85686
1640	1.80576
1642	1.75611
1644	1.70793
1646	1.66121
1648	1.61596
1650	1.57216
1652	2.00381
1654	1.94876
1656	1.89507
1658	1.84276
1660	1.79186
1662	1.74239
1664	1.69435
1666	1.64774
1668	1.60257
1670	1.55883
1672	1.5165
1674	1.47559
1676	1.43606
1678	1.3979
1680	1.36108
1682	1.32559
1684	1.29139
1686	1.25846
1688	1.22677
1690	1.19629
1692	1.167
1694	1.13885
1696	1.11183
1698	1.08589
1700	1.06101
1702	1.51531
1704	1.4808
1706	1.4473
1708	1.41482
1710	1.38333
1712	1.35284
1714	1.32333
1716	1.29479
1718	1.2672
1720	1.24056
1722	1.21484
1724	1.19003
1726	1.16611
1728	1.14306
1730	1.12088
1732	1.09953
1734	1.079
1736	1.05927
1738	1.04033
1740	1.02216
1742	1.00473
1744	0.988032
1746	0.972049
1748	0.956762
1750	0.942155
1752	1.41349
1754	1.39214
1756	1.37133
1758	1.35107
1760	1.33134
1762	1.31216
1764	1.29351
1766	1.27541
1768	1.25785
1770	1.24082
1772	1.22432
1774	1.20835
1776	1.19291
1778	1.17798
1780	1.16357
1782	1.14967
1784	1.13627
1786	1.12337
1788	1.11096
1790	1.09904
1792	1.08761
1794	1.07664
1796	1.06615
1798	1.05613
1800	1.04656
1802	1.52841
1804	1.51439
1806	1.50053
1808	1.48682
1810	1.47328
1812	1.45991
1814	1.44673
1816	1.43373
1818	1.42094
1820	1.40835
1822	1.39597
1824	1.38381
1826	1.37187
1828	1.36015
1830	1.34867
1832	1.33742
1834	1.3264
1836	1.31563
1838	1.30511
1840	1.29483
1842	1.2848
1844	1.27502
1846	1.2655
1848	1.25623
1850	1.24721
1852	1.73102
1854	1.71769
1856	1.70412
1858	1.69034
1860	1.67637
1862	1.66223
1864	1.64794
1866	1.63351
1868	1.61897
1870	1.60433
1872	1.58962
1874	1.57484
1876	1.56003
1878	1.54518
1880	1.53034
1882	1.5155
1884	1.50068
1886	1.4859
1888	1.47118
1890	1.45653
1892	1.44195
1894	1.42747
1896	1.4131
1898	1.39885
1900	1.38472
1902	1.86044
1904	1.84007
1906	1.81928
1908	1.79812
1910	1.77664
1912	1.75486
1914	1.73284
1916	1.71061
1918	1.68822
1920	1.66569
1922	1.64308
1924	1.62042
1926	1.59773
1928	1.57506
1930	1.55243
1932	1.52988
1934	1.50743
1936	1.48511
1938	1.46295
1940	1.44097
1942	1.4192
1944	1.39765
1946	1.37635
1948	1.3553
1950	1.33454
1952	1.79892
1954	1.76976
1956	1.74045
1958	1.71104
1960	1.6816
1962	1.65218
1964	1.62282
1966	1.59357
1968	1.56448
1970	1.5356
1972	1.50695
1974	1.47858
1976	1.45051
1978	1.42279
1980	1.39543
1982	1.36847
1984	1.34193
1986	1.31582
1988	1.29017
1990	1.26498
1992	1.24029
1994	1.21609
1996	1.1924
1998	1.16922
2000	1.14657
Infectious Added
0	1
Infectious Population I
0	0
2	0.392864
4	0.135571
6	0.0469977
8	0.016367
10	0.00572586
12	0.00201231
14	0.000710438
16	0.000251963
18	8.97686e-05
20	3.21283e-05
22	1.15512e-05
24	4.17193e-06
26	1.51363e-06
28	5.51666e-07
30	2.01977e-07
32	7.42842e-08
34	2.74447e-08
36	1.01856e-08
38	3.79738e-09
40	1.42214e-09
42	5.35017e-10
44	2.02187e-10
46	7.67539e-11
48	2.9269e-11
50	1.12118e-11
52	0.433689
54	0.167633
56	0.0650873
58	0.0253856
60	0.00994563
62	0.00391408
64	0.00154731
66	0.000614437
68	0.00024509
70	9.82023e-05
72	3.95244e-05
74	1.59792e-05
76	6.48916e-06
78	2.64707e-06
80	1.08464e-06
82	4.46425e-07
84	1.84566e-07
86	7.66466e-08
88	3.19723e-08
90	1.33965e-08
92	5.63825e-09
94	2.3836e-09
96	1.01218e-09
98	4.31729e-10
100	1.84969e-10
102	0.478295
104	0.206749
106	0.089767
108	0.0391488
110	0.0171493
112	0.00754571
114	0.00333486
116	0.0014804
118	0.000660088
120	0.000295629
122	0.000132987
124	6.00889e-05
126	2.72706e-05
128	1.24312e-05
130	5.69177e-06
132	2.61756e-06
134	1.20909e-06
136	5.60963e-07
138	2.61409e-07
140	1.22354e-07
142	5.75208e-08
144	2.71607e-08
146	1.28814e-08
148	6.13609e-09
150	2.9358e-09
152	0.526774
154	0.254251
156	0.123254
158	0.0600124
160	0.0293481
162	0.0144151
164	0.00711138
166	0.0035236
168	0.00175354
170	0.000876473
172	0.000440003
174	0.000221853
176	0.000112349
178	5.71426e-05
180	2.91905e-05
182	1.49766e-05
184	7.71741e-06
186	3.99408e-06
188	2.07609e-06
190	1.08383e-06
192	5.68279e-07
194	2.99256e-07
196	1.58273e-07
198	8.40715e-08
200	4.4851e-08
202	0.579398
204	0.31178
206	0.168498
208	0.0914562
210	0.0498547
212	0.0272943
214	0.0150075
216	0.00828739
218	0.00459618
220	0.00256003
222	0.00143206
224	0.000804534
226	0.000453936
228	0.000257223
230	0.000146382
232	8.36625e-05
234	4.80215e-05
236	2.76822e-05
238	1.60261e-05
240	9.31779e-06
242	5.44072e-06
244	3.19049e-06
246	1.87895e-06
248	1.11129e-06
250	6.60075e-07
252	0.636452
254	0.381265
256	0.229368
258	0.138576
260	0.0840794
262	0.0512317
264	0.0313497
266	0.0192653
268	0.0118894
270	0.0073687
272	0.00458632
274	0.00286669
276	0.00179944
278	0.00113432
280	0.000718076
282	0.000456505
284	0.000291446
286	0.000186856
288	0.000120307
290	7.77875e-05
292	5.05082e-05
294	3.29342e-05
296	2.15657e-05
298	1.41811e-05
300	9.36457e-06
302	0.698239
304	0.464965
306	0.310924
308	0.20879
310	0.140794
312	0.0953415
314	0.0648335
316	0.0442729
318	0.0303596
320	0.0209061
322	0.0144567
324	0.0100388
326	0.00700025
328	0.00490185
330	0.00344684
332	0.00243386
334	0.00172578
336	0.00122881
338	0.000878613
340	0.000630841
342	0.000454833
344	0.0003293
346	0.000239409
348	0.000174781
350	0.000128131
352	0.765138
354	0.565567
356	0.419776
358	0.312855
360	0.234132
362	0.175944
364	0.132764
366	0.100596
368	0.0765383
370	0.0584748
372	0.0448593
374	0.0345565
376	0.02673
378	0.0207615
380	0.0161923
382	0.0126809
384	0.00997197
386	0.00787408
388	0.00624317
390	0.00497048
392	0.00397352
394	0.00318962
396	0.0025709
398	0.00208073
400	0.00169093
402	0.838561
404	0.687028
406	0.565162
408	0.466802
410	0.387129
412	0.322361
414	0.269523
416	0.226263
418	0.190721
420	0.161417
422	0.137173
424	0.117045
426	0.100277
428	0.0862617
430	0.0745072
432	0.0646165
434	0.0562668
436	0.0491954
438	0.0431876
440	0.0380676
442	0.0336909
444	0.0299386
446	0.0267121
448	0.0239301
450	0.0215248
452	0.934326
454	0.847154
456	0.771172
458	0.704801
460	0.64671
462	0.595774
464	0.55104
466	0.5117
468	0.477065
470	0.446551
472	0.419657
474	0.395958
476	0.37509
478	0.356739
480	0.340641
482	0.326568
484	0.314325
486	0.303748
488	0.294697
490	0.287055
492	0.280726
494	0.275629
496	0.271703
498	0.268898
500	0.26718
502	1.26457
504	1.26633
506	1.273
508	1.28465
510	1.30141
512	1.32347
514	1.35109
516	1.38458
518	1.42435
520	1.47086
522	1.5247
524	1.58653
526	1.65715
528	1.73746
530	1.82855
532	1.93165
534	2.0482
536	2.1799
538	2.32867
540	2.49677
542	2.68681
544	2.90185
546	3.14541
548	3.42161
550	3.73523
552	5.17491
554	5.68759
556	6.27139
558	6.93705
560	7.69703
562	8.56575
564	9.55985
566	10.6985
568	12.0037
570	13.5006
572	15.2177
574	17.1871
576	19.4447
578	22.0299
580	24.9854
582	28.3565
584	32.1893
586	36.5295
588	41.4183
590	46.8895
592	52.9632
594	59.6396
596	66.8918
598	74.6568
600	82.8283
602	92.3347
604	100.883
606	109.195
608	116.968
610	123.877
612	129.599
614	133.848
616	136.399
618	137.117
620	135.969
622	133.031
624	128.472
626	122.54
628	115.528
630	107.751
632	99.5164
634	91.1037
636	82.7526
638	74.6546
640	66.9532
642	59.7463
644	53.0927
646	47.019
648	41.5264
650	36.5982
652	33.0976
654	29.0896
656	25.5487
658	22.4319
660	19.6961
662	17.3
664	15.2048
666	13.3748
668	11.7776
670	10.384
672	9.16822
674	8.10724
676	7.18097
678	6.37179
680	5.66432
682	5.04519
684	4.50279
686	4.02705
688	3.60926
690	3.24187
692	2.91834
694	2.63305
696	2.38109
698	2.15825
700	1.96085
702	2.70715
704	2.47089
706	2.26043
708	2.0727
710	1.90502
712	1.75505
714	1.62073
716	1.50028
718	1.39213
720	1.29491
722	1.20741
724	1.12858
726	1.05748
728	0.993298
730	0.935316
732	0.882898
734	0.835485
736	0.792583
738	0.753756
740	0.718618
742	0.686829
744	0.658088
746	0.632127
748	0.608711
750	0.587632
752	1.54053
754	1.49437
756	1.45304
758	1.4162
760	1.38358
762	1.35493
764	1.33004
766	1.30871
768	1.2908
770	1.27617
772	1.26472
774	1.25636
776	1.25103
778	1.2487
780	1.24933
782	1.25295
784	1.25955
786	1.2692
788	1.28196
790	1.2979
792	1.31715
794	1.33983
796	1.36611
798	1.39616
800	1.43021
802	2.49189
804	2.56398
806	2.6438
808	2.73187
810	2.82882
812	2.93531
814	3.05208
816	3.17996
818	3.31987
820	3.47281
822	3.6399
824	3.82235
826	4.02151
828	4.23887
830	4.47603
832	4.73478
834	5.01704
836	5.32491
838	5.66068
840	6.02682
842	6.426
844	6.86108
846	7.33511
848	7.85135
850	8.41321
852	10.087
854	10.8264
856	11.6264
858	12.4904
860	13.4217
862	14.423
864	15.4967
866	16.6444
868	17.8669
870	19.1636
872	20.5326
874	21.9703
876	23.471
878	25.0268
880	26.6275
882	28.2598
884	29.9082
886	31.5539
888	33.176
890	34.7511
892	36.254
894	37.6585
896	38.9382
898	40.0672
900	41.0214
902	42.7929
904	43.3402
906	43.6472
908	43.7064
910	43.5163
912	43.0816
914	42.413
916	41.5267
918	40.4431
920	39.1863
922	37.7828
924	36.2604
926	34.6469
928	32.9695
930	31.254
932	29.5237
934	27.7997
936	26.1001
938	24.4402
940	22.8324
942	21.2865
944	19.8095
946	18.4066
948	17.0808
950	15.8334
952	15.5985
954	14.434
956	13.348
958	12.3382
960	11.4016
962	10.535
964	9.73447
966	8.99635
968	8.31666
970	7.6915
972	7.11703
974	6.58955
976	6.10549
978	5.66148
980	5.25432
982	4.88102
984	4.53879
986	4.22505
988	3.93738
990	3.67359
992	3.43162
994	3.2096
996	3.00584
998	2.81874
1000	2.64689
1002	3.43643
1004	3.2352
1006	3.04964
1008	2.87846
1010	2.72051
1012	2.57472
1014	2.44013
1016	2.31583
1018	2.20101
1020	2.09491
1022	1.99686
1024	1.90622
1026	1.82243
1028	1.74497
1030	1.67335
1032	1.60714
1034	1.54595
1036	1.48942
1038	1.43721
1040	1.38902
1042	1.34457
1044	1.30363
1046	1.26596
1048	1.23136
1050	1.19964
1052	2.14937
1054	2.10023
1056	2.05515
1058	2.01392
1060	1.97636
1062	1.94231
1064	1.91161
1066	1.88414
1068	1.85978
1070	1.83842
1072	1.81996
1074	1.80433
1076	1.79146
1078	1.78129
1080	1.77378
1082	1.76889
1084	1.76661
1086	1.76691
1088	1.76979
1090	1.77527
1092	1.78336
1094	1.79408
1096	1.80749
1098	1.82362
1100	1.84254
1102	2.87452
1104	2.91177
1106	2.95301
1108	2.99835
1110	3.04792
1112	3.10186
1114	3.16033
1116	3.22349
1118	3.29151
1120	3.3646
1122	3.44294
1124	3.52676
1126	3.61628
1128	3.71174
1130	3.81338
1132	3.92148
1134	4.0363
1136	4.15813
1138	4.28724
1140	4.42394
1142	4.56854
1144	4.72133
1146	4.88262
1148	5.05271
1150	5.23191
1152	6.45149
1154	6.68533
1156	6.92908
1158	7.18273
1160	7.44624
1162	7.71948
1164	8.00223
1166	8.2942
1168	8.59499
1170	8.90409
1172	9.22087
1174	9.54457
1176	9.8743
1178	10.209
1180	10.5476
1182	10.8886
1184	11.2306
1186	11.572
1188	11.9111
1190	12.2458
1192	12.5742
1194	12.8942
1196	13.2036
1198	13.5002
1200	13.7815
1202	15.061
1204	15.318
1206	15.5476
1208	15.7475
1210	15.9155
1212	16.0499
1214	16.149
1216	16.2119
1218	16.2377
1220	16.226
1222	16.1769
1224	16.0908
1226	15.9685
1228	15.8114
1230	15.6208
1232	15.3987
1234	15.1473
1236	14.869
1238	14.5662
1240	14.2416
1242	13.898
1244	13.5383
1246	13.1651
1248	12.7812
1250	12.3893
1252	12.9626
1254	12.5256
1256	12.0851
1258	11.6437
1260	11.2037
1262	10.7675
1264	10.3368
1266	9.91341
1268	9.49875
1270	9.09407
1272	8.7004
1274	8.31857
1276	7.94923
1278	7.59286
1280	7.24979
1282	6.92023
1284	6.60424
1286	6.30179
1288	6.01278
1290	5.73701
1292	5.47422
1294	5.22411
1296	4.98632
1298	4.76048
1300	4.54618
1302	5.30336
1304	5.06666
1306	4.84149
1308	4.62749
1310	4.42428
1312	4.23147
1314	4.04866
1316	3.87544
1318	3.7114
1320	3.55614
1322	3.40926
1324	3.27035
1326	3.13905
1328	3.01498
1330	2.89778
1332	2.7871
1334	2.68261
1336	2.58399
1338	2.49093
1340	2.40315
1342	2.32037
1344	2.24232
1346	2.16876
1348	2.09944
1350	2.03416
1352	2.946
1354	2.85864
1356	2.77576
1358	2.69719
1360	2.62273
1362	2.55221
1364	2.48546
1366	2.42232
1368	2.36263
1370	2.30626
1372	2.25305
1374	2.20289
1376	2.15564
1378	2.11118
1380	2.0694
1382	2.03021
1384	1.99349
1386	1.95917
1388	1.92714
1390	1.89733
1392	1.86966
1394	1.84406
1396	1.82048
1398	1.79883
1400	1.77909
1402	2.75216
1404	2.726
1406	2.70185
1408	2.67967
1410	2.65944
1412	2.64112
1414	2.62468
1416	2.61009
1418	2.59732
1420	2.58635
1422	2.57717
1424	2.56974
1426	2.56406
1428	2.56011
1430	2.55789
1432	2.55737
1434	2.55855
1436	2.56144
1438	2.56602
1440	2.57229
1442	2.58026
1444	2.58993
1446	2.6013
1448	2.61439
1450	2.62919
1452	3.65091
1454	3.67472
1456	3.69983
1458	3.72623
1460	3.75392
1462	3.78286
1464	3.81304
1466	3.84444
1468	3.87703
1470	3.9108
1472	3.94571
1474	3.98174
1476	4.01885
1478	4.05701
1480	4.09618
1482	4.13632
1484	4.17739
1486	4.21935
1488	4.26213
1490	4.3057
1492	4.34998
1494	4.39492
1496	4.44046
1498	4.48653
1500	4.53304
1502	5.58843
1504	5.64375
1506	5.69754
1508	5.74961
1510	5.7998
1512	5.84793
1514	5.89384
1516	5.93737
1518	5.97835
1520	6.01662
1522	6.05203
1524	6.08445
1526	6.11373
1528	6.13975
1530	6.16239
1532	6.18154
1534	6.19712
1536	6.20903
1538	6.21722
1540	6.22162
1542	6.2222
1544	6.21892
1546	6.21177
1548	6.20076
1550	6.18591
1552	7.16384
1554	7.13488
1556	7.09948
1558	7.05776
1560	7.0099
1562	6.95612
1564	6.89664
1566	6.83171
1568	6.7616
1570	6.68661
1572	6.60705
1574	6.52323
1576	6.43549
1578	6.34416
1580	6.24959
1582	6.15211
1584	6.05206
1586	5.9498
1588	5.84564
1590	5.73993
1592	5.63297
1594	5.52507
1596	5.41652
1598	5.30762
1600	5.19862
1602	6.0708
1604	5.93904
1606	5.80638
1608	5.67322
1610	5.53994
1612	5.4069
1614	5.27445
1616	5.1429
1618	5.01253
1620	4.88361
1622	4.75637
1624	4.63103
1626	4.50777
1628	4.38678
1630	4.26818
1632	4.15212
1634	4.03868
1636	3.92797
1638	3.82005
1640	3.71497
1642	3.61278
1644	3.5135
1646	3.41714
1648	3.32371
1650	3.2332
1652	4.12142
1654	4.00874
1656	3.89868
1658	3.79133
1660	3.68674
1662	3.58496
1664	3.48603
1666	3.38995
1668	3.29674
1670	3.20639
1672	3.1189
1674	3.03425
1676	2.9524
1678	2.87332
1680	2.79698
1682	2.72333
1684	2.65232
1686	2.5839
1688	2.51802
1690	2.45462
1692	2.39364
1694	2.33502
1696	2.2787
1698	2.22462
1700	2.17272
1702	3.10255
1704	3.0315
1706	2.96249
1708	2.89549
1710	2.83052
1712	2.76754
1714	2.70655
1716	2.64752
1718	2.59042
1720	2.53524
1722	2.48193
1724	2.43048
1726	2.38084
1728	2.33299
1730	2.28689
1732	2.2425
1734	2.19978
1736	2.15871
1738	2.11924
1740	2.08134
1742	2.04498
1744	2.01011
1746	1.9767
1748	1.94472
1750	1.91413
1752	2.87123
1754	2.82746
1756	2.78476
1758	2.74314
1760	2.7026
1762	2.66315
1764	2.62478
1766	2.5875
1768	2.55129
1770	2.51616
1772	2.4821
1774	2.44911
1776	2.41716
1778	2.38627
1780	2.35641
1782	2.32758
1784	2.29978
1786	2.27297
1788	2.24717
1790	2.22235
1792	2.19851
1794	2.17563
1796	2.1537
1798	2.13272
1800	2.11266
1802	3.08524
1804	3.05694
1806	3.02891
1808	3.00119
1810	2.97378
1812	2.9467
1814	2.91997
1816	2.89361
1818	2.86764
1820	2.84205
1822	2.81688
1824	2.79213
1826	2.76781
1828	2.74393
1830	2.7205
1832	2.69753
1834	2.67504
1836	2.65302
1838	2.63148
1840	2.61043
1842	2.58987
1844	2.56982
1846	2.55026
1848	2.53122
1850	2.51268
1852	3.48796
1854	3.46181
1856	3.43516
1858	3.40804
1860	3.38051
1862	3.35259
1864	3.32432
1866	3.29575
1868	3.26691
1870	3.23784
1872	3.20858
1874	3.17917
1876	3.14964
1878	3.12002
1880	3.09035
1882	3.06067
1884	3.03101
1886	3.00139
1888	2.97185
1890	2.94241
1892	2.91312
1894	2.88398
1896	2.85503
1898	2.8263
1900	2.7978
1902	3.76026
1904	3.72046
1906	3.67976
1908	3.63822
1910	3.59594
1912	3.553
1914	3.50948
1916	3.46547
1918	3.42105
1920	3.3763
1922	3.33129
1924	3.2861
1926	3.2408
1928	3.19545
1930	3.15014
1932	3.10491
1934	3.05983
1936	3.01496
1938	2.97035
1940	2.92605
1942	2.88211
1944	2.83859
1946	2.7955
1948	2.75291
1950	2.71084
1952	3.65546
1954	3.59762
1956	3.53935
1958	3.48078
1960	3.42202
1962	3.36319
1964	3.30438
1966	3.24571
1968	3.18726
1970	3.12912
1972	3.07138
1974	3.01412
1976	2.95741
1978	2.90131
1980	2.84589
1982	2.7912
1984	2.7373
1986	2.68423
1988	2.63203
1990	2.58074
1992	2.53039
1994	2.48101
1996	2.43262
1998	2.38524
2000	2.3389
Infectivity i
0	0.25
Initial Contact Rate
0	1
INITIAL TIME
0	0
Inmigration of infectious
0	4
2	0
4	0
6	0
8	0
10	0
12	0
14	0
16	0
18	0
20	0
22	0
24	0
26	0
28	0
30	0
32	0
34	0
36	0
38	0
40	0
42	0
44	0
46	0
48	0
50	4
52	0
54	0
56	0
58	0
60	0
62	0
64	0
66	0
68	0
70	0
72	0
74	0
76	0
78	0
80	0
82	0
84	0
86	0
88	0
90	0
92	0
94	0
96	0
98	0
100	4
102	0
104	0
106	0
108	0
110	0
112	0
114	0
116	0
118	0
120	0
122	0
124	0
126	0
128	0
130	0
132	0
134	0
136	0
138	0
140	0
142	0
144	0
146	0
148	0
150	4
152	0
154	0
156	0
158	0
160	0
162	0
164	0
166	0
168	0
170	0
172	0
174	0
176	0
178	0
180	0
182	0
184	0
186	0
188	0
190	0
192	0
194	0
196	0
198	0
200	4
202	0
204	0
206	0
208	0
210	0
212	0
214	0
216	0
218	0
220	0
222	0
224	0
226	0
228	0
230	0
232	0
234	0
236	0
238	0
240	0
242	0
244	0
246	0
248	0
250	4
252	0
254	0
256	0
258	0
260	0
262	0
264	0
266	0
268	0
270	0
272	0
274	0
276	0
278	0
280	0
282	0
284	0
286	0
288	0
290	0
292	0
294	0
296	0
298	0
300	4
302	0
304	0
306	0
308	0
310	0
312	0
314	0
316	0
318	0
320	0
322	0
324	0
326	0
328	0
330	0
332	0
334	0
336	0
338	0
340	0
342	0
344	0
346	0
348	0
350	4
352	0
354	0
356	0
358	0
360	0
362	0
364	0
366	0
368	0
370	0
372	0
374	0
376	0
378	0
380	0
382	0
384	0
386	0
388	0
390	0
392	0
394	0
396	0
398	0
400	4
402	0
404	0
406	0
408	0
410	0
412	0
414	0
416	0
418	0
420	0
422	0
424	0
426	0
428	0
430	0
432	0
434	0
436	0
438	0
440	0
442	0
444	0
446	0
448	0
450	4
452	0
454	0
456	0
458	0
460	0
462	0
464	0
466	0
468	0
470	0
472	0
474	0
476	0
478	0
480	0
482	0
484	0
486	0
488	0
490	0
492	0
494	0
496	0
498	0
500	4
502	0
504	0
506	0
508	0
510	0
512	0
514	0
516	0
518	0
520	0
522	0
524	0
526	0
528	0
530	0
532	0
534	0
536	0
538	0
540	0
542	0
544	0
546	0
548	0
550	4
552	0
554	0
556	0
558	0
560	0
562	0
564	0
566	0
568	0
570	0
572	0
574	0
576	0
578	0
580	0
582	0
584	0
586	0
588	0
590	0
592	0
594	0
596	0
598	0
600	4
602	0
604	0
606	0
608	0
610	0
612	0
614	0
616	0
618	0
620	0
622	0
624	0
626	0
628	0
630	0
632	0
634	0
636	0
638	0
640	0
642	0
644	0
646	0
648	0
650	4
652	0
654	0
656	0
658	0
660	0
662	0
664	0
666	0
668	0
670	0
672	0
674	0
676	0
678	0
680	0
682	0
684	0
686	0
688	0
690	0
692	0
694	0
696	0
698	0
700	4
702	0
704	0
706	0
708	0
710	0
712	0
714	0
716	0
718	0
720	0
722	0
724	0
726	0
728	0
730	0
732	0
734	0
736	0
738	0
740	0
742	0
744	0
746	0
748	0
750	4
752	0
754	0
756	0
758	0
760	0
762	0
764	0
766	0
768	0
770	0
772	0
774	0
776	0
778	0
780	0
782	0
784	0
786	0
788	0
790	0
792	0
794	0
796	0
798	0
800	4
802	0
804	0
806	0
808	0
810	0
812	0
814	0
816	0
818	0
820	0
822	0
824	0
826	0
828	0
830	0
832	0
834	0
836	0
838	0
840	0
842	0
844	0
846	0
848	0
850	4
852	0
854	0
856	0
858	0
860	0
862	0
864	0
866	0
868	0
870	0
872	0
874	0
876	0
878	0
880	0
882	0
884	0
886	0
888	0
890	0
892	0
894	0
896	0
898	0
900	4
902	0
904	0
906	0
908	0
910	0
912	0
914	0
916	0
918	0
920	0
922	0
924	0
926	0
928	0
930	0
932	0
934	0
936	0
938	0
940	0
942	0
944	0
946	0
948	0
950	4
952	0
954	0
956	0
958	0
960	0
962	0
964	0
966	0
968	0
970	0
972	0
974	0
976	0
978	0
980	0
982	0
984	0
986	0
988	0
990	0
992	0
994	0
996	0
998	0
1000	4
1002	0
1004	0
1006	0
1008	0
1010	0
1012	0
1014	0
1016	0
1018	0
1020	0
1022	0
1024	0
1026	0
1028	0
1030	0
1032	0
1034	0
1036	0
1038	0
1040	0
1042	0
1044	0
1046	0
1048	0
1050	4
1052	0
1054	0
1056	0
1058	0
1060	0
1062	0
1064	0
1066	0
1068	0
1070	0
1072	0
1074	0
1076	0
1078	0
1080	0
1082	0
1084	0
1086	0
1088	0
1090	0
1092	0
1094	0
1096	0
1098	0
1100	4
1102	0
1104	0
1106	0
1108	0
1110	0
1112	0
1114	0
1116	0
1118	0
1120	0
1122	0
1124	0
1126	0
1128	0
1130	0
1132	0
1134	0
1136	0
1138	0
1140	0
1142	0
1144	0
1146	0
1148	0
1150	4
1152	0
1154	0
1156	0
1158	0
1160	0
1162	0
1164	0
1166	0
1168	0
1170	0
1172	0
1174	0
1176	0
1178	0
1180	0
1182	0
1184	0
1186	0
1188	0
1190	0
1192	0
1194	0
1196	0
1198	0
1200	4
1202	0
1204	0
1206	0
1208	0
1210	0
1212	0
1214	0
1216	0
1218	0
1220	0
1222	0
1224	0
1226	0
1228	0
1230	0
1232	0
1234	0
1236	0
1238	0
1240	0
1242	0
1244	0
1246	0
1248	0
1250	4
1252	0
1254	0
1256	0
1258	0
1260	0
1262	0
1264	0
1266	0
1268	0
1270	0
1272	0
1274	0
1276	0
1278	0
1280	0
1282	0
1284	0
1286	0
1288	0
1290	0
1292	0
1294	0
1296	0
1298	0
1300	4
1302	0
1304	0
1306	0
1308	0
1310	0
1312	0
1314	0
1316	0
1318	0
1320	0
1322	0
1324	0
1326	0
1328	0
1330	0
1332	0
1334	0
1336	0
1338	0
1340	0
1342	0
1344	0
1346	0
1348	0
1350	4
1352	0
1354	0
1356	0
1358	0
1360	0
1362	0
1364	0
1366	0
1368	0
1370	0
1372	0
1374	0
1376	0
1378	0
1380	0
1382	0
1384	0
1386	0
1388	0
1390	0
1392	0
1394	0
1396	0
1398	0
1400	4
1402	0
1404	0
1406	0
1408	0
1410	0
1412	0
1414	0
1416	0
1418	0
1420	0
1422	0
1424	0
1426	0
1428	0
1430	0
1432	0
1434	0
1436	0
1438	0
1440	0
1442	0
1444	0
1446	0
1448	0
1450	4
1452	0
1454	0
1456	0
1458	0
1460	0
1462	0
1464	0
1466	0
1468	0
1470	0
1472	0
1474	0
1476	0
1478	0
1480	0
1482	0
1484	0
1486	0
1488	0
1490	0
1492	0
1494	0
1496	0
1498	0
1500	4
1502	0
1504	0
1506	0
1508	0
1510	0
1512	0
1514	0
1516	0
1518	0
1520	0
1522	0
1524	0
1526	0
1528	0
1530	0
1532	0
1534	0
1536	0
1538	0
1540	0
1542	0
1544	0
1546	0
1548	0
1550	4
1552	0
1554	0
1556	0
1558	0
1560	0
1562	0
1564	0
1566	0
1568	0
1570	0
1572	0
1574	0
1576	0
1578	0
1580	0
1582	0
1584	0
1586	0
1588	0
1590	0
1592	0
1594	0
1596	0
1598	0
1600	4
1602	0
1604	0
1606	0
1608	0
1610	0
1612	0
1614	0
1616	0
1618	0
1620	0
1622	0
1624	0
1626	0
1628	0
1630	0
1632	0
1634	0
1636	0
1638	0
1640	0
1642	0
1644	0
1646	0
1648	0
1650	4
1652	0
1654	0
1656	0
1658	0
1660	0
1662	0
1664	0
1666	0
1668	0
1670	0
1672	0
1674	0
1676	0
1678	0
1680	0
1682	0
1684	0
1686	0
1688	0
1690	0
1692	0
1694	0
1696	0
1698	0
1700	4
1702	0
1704	0
1706	0
1708	0
1710	0
1712	0
1714	0
1716	0
1718	0
1720	0
1722	0
1724	0
1726	0
1728	0
1730	0
1732	0
1734	0
1736	0
1738	0
1740	0
1742	0
1744	0
1746	0
1748	0
1750	4
1752	0
1754	0
1756	0
1758	0
1760	0
1762	0
1764	0
1766	0
1768	0
1770	0
1772	0
1774	0
1776	0
1778	0
1780	0
1782	0
1784	0
1786	0
1788	0
1790	0
1792	0
1794	0
1796	0
1798	0
1800	4
1802	0
1804	0
1806	0
1808	0
1810	0
1812	0
1814	0
1816	0
1818	0
1820	0
1822	0
1824	0
1826	0
1828	0
1830	0
1832	0
1834	0
1836	0
1838	0
1840	0
1842	0
1844	0
1846	0
1848	0
1850	4
1852	0
1854	0
1856	0
1858	0
1860	0
1862	0
1864	0
1866	0
1868	0
1870	0
1872	0
1874	0
1876	0
1878	0
1880	0
1882	0
1884	0
1886	0
1888	0
1890	0
1892	0
1894	0
1896	0
1898	0
1900	4
1902	0
1904	0
1906	0
1908	0
1910	0
1912	0
1914	0
1916	0
1918	0
1920	0
1922	0
1924	0
1926	0
1928	0
1930	0
1932	0
1934	0
1936	0
1938	0
1940	0
1942	0
1944	0
1946	0
1948	0
1950	4
1952	0
1954	0
1956	0
1958	0
1960	0
1962	0
1964	0
1966	0
1968	0
1970	0
1972	0
1974	0
1976	0
1978	0
1980	0
1982	0
1984	0
1986	0
1988	0
1990	0
1992	0
1994	0
1996	0
1998	0
2000	4
Recovered Population R
0	0
2	0.607321
4	0.865493
6	0.954728
8	0.985712
10	0.99652
12	1.00031
14	1.00164
16	1.00211
18	1.00228
20	1.00234
22	1.00236
24	1.00237
26	1.00237
28	1.00237
30	1.00237
32	1.00237
34	1.00237
36	1.00237
38	1.00237
40	1.00237
42	1.00237
44	1.00237
46	1.00237
48	1.00237
50	1.00237
52	1.63144
54	1.92819
56	2.04308
58	2.08777
60	2.10522
62	2.11207
64	2.11477
66	2.11584
68	2.11626
70	2.11643
72	2.1165
74	2.11653
76	2.11654
78	2.11655
80	2.11655
82	2.11655
84	2.11655
86	2.11655
88	2.11655
90	2.11655
92	2.11655
94	2.11655
96	2.11655
98	2.11655
100	2.11655
102	2.76851
104	3.10942
106	3.25703
108	3.32122
110	3.34926
112	3.36156
114	3.36699
116	3.36939
118	3.37046
120	3.37093
122	3.37115
124	3.37124
126	3.37129
128	3.37131
130	3.37131
132	3.37132
134	3.37132
136	3.37132
138	3.37132
140	3.37132
142	3.37132
144	3.37132
146	3.37132
148	3.37132
150	3.37132
152	4.04717
154	4.43844
156	4.62761
158	4.71946
160	4.76426
162	4.7862
164	4.797
166	4.80233
168	4.80498
170	4.8063
172	4.80696
174	4.80729
176	4.80746
178	4.80755
180	4.80759
182	4.80761
184	4.80762
186	4.80763
188	4.80763
190	4.80763
192	4.80763
194	4.80763
196	4.80763
198	4.80763
200	4.80763
202	5.50841
204	5.95706
206	6.19889
208	6.3298
210	6.40097
212	6.43983
214	6.46114
216	6.47288
218	6.47938
220	6.48298
222	6.485
224	6.48612
226	6.48676
228	6.48712
230	6.48732
232	6.48744
234	6.4875
236	6.48754
238	6.48756
240	6.48758
242	6.48758
244	6.48759
246	6.48759
248	6.48759
250	6.48759
252	7.21438
254	7.72834
256	8.03674
258	8.22259
260	8.33506
262	8.40342
264	8.44514
266	8.47071
268	8.48645
270	8.49618
272	8.50223
274	8.50599
276	8.50835
278	8.50983
280	8.51077
282	8.51136
284	8.51174
286	8.51198
288	8.51214
290	8.51224
292	8.5123
294	8.51235
296	8.51237
298	8.51239
300	8.5124
302	9.26633
304	9.85456
306	10.2469
308	10.5098
310	10.6865
312	10.806
314	10.887
316	10.9421
318	10.9799
320	11.0058
322	11.0237
324	11.0361
326	11.0447
328	11.0507
330	11.0549
332	11.0579
334	11.06
336	11.0615
338	11.0626
340	11.0633
342	11.0639
344	11.0643
346	11.0646
348	11.0648
350	11.0649
352	11.8473
354	12.5199
356	13.018
358	13.3883
360	13.6647
362	13.872
364	14.028
366	14.1459
368	14.2354
370	14.3036
372	14.3558
374	14.3959
376	14.4269
378	14.4509
380	14.4695
382	14.4841
384	14.4956
386	14.5046
388	14.5117
390	14.5174
392	14.5219
394	14.5255
396	14.5284
398	14.5308
400	14.5327
402	15.3459
404	16.1154
406	16.747
408	17.2674
410	17.698
412	18.0557
414	18.354
416	18.6039
418	18.8141
420	18.9915
422	19.142
424	19.27
426	19.3795
428	19.4734
430	19.5544
432	19.6244
434	19.6853
436	19.7383
438	19.7848
440	19.8257
442	19.8618
444	19.8938
446	19.9223
448	19.9478
450	19.9706
452	20.8335
454	21.7287
456	22.5418
458	23.2832
460	23.962
462	24.5858
464	25.1616
466	25.695
468	26.1912
470	26.6546
472	27.0891
474	27.4981
476	27.8847
478	28.2516
480	28.6011
482	28.9354
484	29.2565
486	29.5661
488	29.8657
490	30.157
492	30.4412
494	30.7196
496	30.9934
498	31.2638
500	31.5318
502	32.6727
504	33.9376
506	35.2065
508	36.4841
510	37.7757
512	39.0863
514	40.4214
516	41.7867
518	43.1881
520	44.6322
522	46.126
524	47.6771
526	49.2938
528	50.9852
530	52.7616
532	54.6342
534	56.6157
536	58.7202
538	60.9637
540	63.3642
542	65.9422
544	68.7209
546	71.7268
548	74.9902
550	78.5457
552	83.3387
554	88.7325
556	94.6692
558	101.225
560	108.486
562	116.553
564	125.543
566	135.588
568	146.843
570	159.485
572	173.717
574	189.775
576	207.924
578	228.471
580	251.762
582	278.186
584	308.18
586	342.225
588	380.846
590	424.61
592	474.106
594	529.942
596	592.709
598	662.96
600	741.164
602	828.571
604	924.653
606	1029.2
608	1141.86
610	1261.93
612	1388.42
614	1520.01
616	1655.12
618	1791.99
620	1928.75
622	2063.58
624	2194.74
626	2320.72
628	2440.26
630	2552.44
632	2656.61
634	2752.45
636	2839.89
638	2919.07
640	2990.32
642	3054.08
644	3110.87
646	3161.25
648	3205.82
650	3245.15
652	3280.62
654	3311.92
656	3339.42
658	3363.58
660	3384.78
662	3403.4
664	3419.76
666	3434.15
668	3446.8
670	3457.96
672	3467.8
674	3476.49
676	3484.18
678	3491
680	3497.05
682	3502.44
684	3507.24
686	3511.53
688	3515.37
690	3518.81
692	3521.91
694	3524.7
696	3527.22
698	3529.5
700	3531.57
702	3534.3
704	3536.9
706	3539.28
708	3541.46
710	3543.45
712	3545.29
714	3546.99
716	3548.55
718	3550.01
720	3551.35
722	3552.61
724	3553.78
726	3554.88
728	3555.91
730	3556.88
732	3557.79
734	3558.65
736	3559.47
738	3560.24
740	3560.98
742	3561.68
744	3562.36
746	3563
748	3563.63
750	3564.23
752	3565.67
754	3567.19
756	3568.67
758	3570.1
760	3571.5
762	3572.87
764	3574.22
766	3575.54
768	3576.84
770	3578.12
772	3579.39
774	3580.65
776	3581.91
778	3583.16
780	3584.41
782	3585.66
784	3586.91
786	3588.18
788	3589.45
790	3590.74
792	3592.05
794	3593.37
796	3594.72
798	3596.1
800	3597.51
802	3599.84
804	3602.37
806	3604.96
808	3607.65
810	3610.42
812	3613.29
814	3616.28
816	3619.39
818	3622.63
820	3626.01
822	3629.56
824	3633.28
826	3637.18
828	3641.3
830	3645.64
832	3650.23
834	3655.08
836	3660.23
838	3665.7
840	3671.52
842	3677.72
844	3684.33
846	3691.4
848	3698.96
850	3707.05
852	3716.62
854	3727.03
856	3738.2
858	3750.2
860	3763.09
862	3776.95
864	3791.83
866	3807.82
868	3825
870	3843.43
872	3863.18
874	3884.34
876	3906.96
878	3931.11
880	3956.83
882	3984.17
884	4013.15
886	4043.78
888	4076.05
890	4109.92
892	4145.33
894	4182.21
896	4220.44
898	4259.89
900	4300.39
902	4342.64
904	4385.69
906	4429.18
908	4472.88
910	4516.52
912	4559.87
914	4602.67
916	4644.72
918	4685.78
920	4725.69
922	4764.27
924	4801.4
926	4836.96
928	4870.88
930	4903.1
932	4933.6
934	4962.36
936	4989.42
938	5014.79
940	5038.52
942	5060.67
944	5081.3
946	5100.49
948	5118.31
950	5134.84
952	5151.01
954	5166.09
956	5180.04
958	5192.94
960	5204.87
962	5215.88
964	5226.06
966	5235.47
968	5244.16
970	5252.2
972	5259.64
974	5266.52
976	5272.9
978	5278.8
980	5284.28
982	5289.37
984	5294.1
986	5298.5
988	5302.6
990	5306.42
992	5309.98
994	5313.32
996	5316.44
998	5319.36
1000	5322.1
1002	5325.53
1004	5328.88
1006	5332.03
1008	5335.01
1010	5337.81
1012	5340.47
1014	5342.98
1016	5345.37
1018	5347.63
1020	5349.79
1022	5351.84
1024	5353.8
1026	5355.67
1028	5357.45
1030	5359.17
1032	5360.81
1034	5362.39
1036	5363.91
1038	5365.38
1040	5366.79
1042	5368.16
1044	5369.49
1046	5370.78
1048	5372.03
1050	5373.24
1052	5375.3
1054	5377.43
1056	5379.51
1058	5381.54
1060	5383.54
1062	5385.5
1064	5387.43
1066	5389.33
1068	5391.2
1070	5393.05
1072	5394.88
1074	5396.69
1076	5398.49
1078	5400.28
1080	5402.06
1082	5403.83
1084	5405.6
1086	5407.36
1088	5409.13
1090	5410.9
1092	5412.68
1094	5414.47
1096	5416.27
1098	5418.08
1100	5419.92
1102	5422.65
1104	5425.54
1106	5428.47
1108	5431.44
1110	5434.46
1112	5437.53
1114	5440.66
1116	5443.84
1118	5447.1
1120	5450.42
1122	5453.82
1124	5457.3
1126	5460.86
1128	5464.52
1130	5468.28
1132	5472.14
1134	5476.11
1136	5480.2
1138	5484.41
1140	5488.76
1142	5493.24
1144	5497.88
1146	5502.67
1148	5507.63
1150	5512.76
1152	5518.96
1154	5525.51
1156	5532.3
1158	5539.34
1160	5546.64
1162	5554.2
1164	5562.04
1166	5570.17
1168	5578.6
1170	5587.33
1172	5596.37
1174	5605.73
1176	5615.42
1178	5625.44
1180	5635.8
1182	5646.49
1184	5657.53
1186	5668.91
1188	5680.63
1190	5692.69
1192	5705.08
1194	5717.8
1196	5730.83
1198	5744.16
1200	5757.79
1202	5772.57
1204	5787.74
1206	5803.16
1208	5818.8
1210	5834.62
1212	5850.6
1214	5866.7
1216	5882.88
1218	5899.1
1220	5915.34
1222	5931.55
1224	5947.69
1226	5963.73
1228	5979.63
1230	5995.36
1232	6010.89
1234	6026.18
1236	6041.21
1238	6055.94
1240	6070.37
1242	6084.46
1244	6098.21
1246	6111.58
1248	6124.58
1250	6137.19
1252	6150.27
1254	6163.04
1256	6175.37
1258	6187.27
1260	6198.72
1262	6209.73
1264	6220.31
1266	6230.46
1268	6240.19
1270	6249.51
1272	6258.43
1274	6266.96
1276	6275.12
1278	6282.91
1280	6290.35
1282	6297.46
1284	6304.24
1286	6310.71
1288	6316.88
1290	6322.78
1292	6328.4
1294	6333.76
1296	6338.88
1298	6343.77
1300	6348.43
1302	6353.75
1304	6358.95
1306	6363.91
1308	6368.66
1310	6373.2
1312	6377.54
1314	6381.69
1316	6385.66
1318	6389.46
1320	6393.11
1322	6396.6
1324	6399.95
1326	6403.16
1328	6406.24
1330	6409.21
1332	6412.05
1334	6414.79
1336	6417.43
1338	6419.98
1340	6422.43
1342	6424.8
1344	6427.08
1346	6429.29
1348	6431.43
1350	6433.5
1352	6436.37
1354	6439.28
1356	6442.1
1358	6444.84
1360	6447.51
1362	6450.1
1364	6452.62
1366	6455.08
1368	6457.47
1370	6459.81
1372	6462.09
1374	6464.33
1376	6466.51
1378	6468.64
1380	6470.74
1382	6472.79
1384	6474.8
1386	6476.78
1388	6478.73
1390	6480.64
1392	6482.52
1394	6484.38
1396	6486.22
1398	6488.03
1400	6489.82
1402	6492.46
1404	6495.2
1406	6497.92
1408	6500.61
1410	6503.28
1412	6505.93
1414	6508.56
1416	6511.18
1418	6513.79
1420	6516.38
1422	6518.96
1424	6521.53
1426	6524.1
1428	6526.66
1430	6529.22
1432	6531.78
1434	6534.34
1436	6536.9
1438	6539.46
1440	6542.03
1442	6544.6
1444	6547.19
1446	6549.78
1448	6552.39
1450	6555.01
1452	6558.52
1454	6562.19
1456	6565.87
1458	6569.58
1460	6573.32
1462	6577.09
1464	6580.88
1466	6584.71
1468	6588.57
1470	6592.46
1472	6596.39
1474	6600.35
1476	6604.35
1478	6608.38
1480	6612.46
1482	6616.57
1484	6620.72
1486	6624.92
1488	6629.16
1490	6633.44
1492	6637.76
1494	6642.13
1496	6646.55
1498	6651.01
1500	6655.52
1502	6660.95
1504	6666.56
1506	6672.23
1508	6677.95
1510	6683.72
1512	6689.54
1514	6695.41
1516	6701.32
1518	6707.28
1520	6713.27
1522	6719.3
1524	6725.37
1526	6731.47
1528	6737.59
1530	6743.74
1532	6749.92
1534	6756.1
1536	6762.31
1538	6768.52
1540	6774.74
1542	6780.96
1544	6787.18
1546	6793.4
1548	6799.61
1550	6805.8
1552	6812.85
1554	6820
1556	6827.12
1558	6834.21
1560	6841.24
1562	6848.23
1564	6855.16
1566	6862.03
1568	6868.83
1570	6875.56
1572	6882.21
1574	6888.78
1576	6895.27
1578	6901.66
1580	6907.97
1582	6914.17
1584	6920.28
1586	6926.29
1588	6932.19
1590	6937.99
1592	6943.69
1594	6949.27
1596	6954.75
1598	6960.12
1600	6965.38
1602	6971.4
1604	6977.41
1606	6983.29
1608	6989.04
1610	6994.65
1612	7000.14
1614	7005.49
1616	7010.7
1618	7015.79
1620	7020.74
1622	7025.57
1624	7030.27
1626	7034.85
1628	7039.3
1630	7043.64
1632	7047.86
1634	7051.96
1636	7055.95
1638	7059.83
1640	7063.6
1642	7067.27
1644	7070.84
1646	7074.31
1648	7077.69
1650	7080.97
1652	7085.03
1654	7089.11
1656	7093.07
1658	7096.92
1660	7100.66
1662	7104.31
1664	7107.85
1666	7111.29
1668	7114.64
1670	7117.9
1672	7121.06
1674	7124.15
1676	7127.14
1678	7130.06
1680	7132.9
1682	7135.67
1684	7138.36
1686	7140.98
1688	7143.54
1690	7146.02
1692	7148.45
1694	7150.82
1696	7153.13
1698	7155.39
1700	7157.59
1702	7160.61
1704	7163.68
1706	7166.68
1708	7169.61
1710	7172.48
1712	7175.28
1714	7178.02
1716	7180.7
1718	7183.32
1720	7185.89
1722	7188.4
1724	7190.86
1726	7193.27
1728	7195.63
1730	7197.94
1732	7200.21
1734	7202.43
1736	7204.62
1738	7206.76
1740	7208.86
1742	7210.92
1744	7212.95
1746	7214.95
1748	7216.91
1750	7218.84
1752	7221.61
1754	7224.47
1756	7227.27
1758	7230.04
1760	7232.77
1762	7235.45
1764	7238.1
1766	7240.71
1768	7243.28
1770	7245.81
1772	7248.31
1774	7250.78
1776	7253.22
1778	7255.62
1780	7257.99
1782	7260.34
1784	7262.65
1786	7264.94
1788	7267.2
1790	7269.44
1792	7271.65
1794	7273.84
1796	7276.01
1798	7278.15
1800	7280.27
1802	7283.25
1804	7286.32
1806	7289.37
1808	7292.38
1810	7295.37
1812	7298.34
1814	7301.27
1816	7304.18
1818	7307.06
1820	7309.92
1822	7312.75
1824	7315.55
1826	7318.34
1828	7321.09
1830	7323.83
1832	7326.54
1834	7329.22
1836	7331.89
1838	7334.53
1840	7337.16
1842	7339.76
1844	7342.34
1846	7344.9
1848	7347.44
1850	7349.96
1852	7353.34
1854	7356.82
1856	7360.27
1858	7363.69
1860	7367.09
1862	7370.46
1864	7373.8
1866	7377.11
1868	7380.39
1870	7383.65
1872	7386.87
1874	7390.07
1876	7393.23
1878	7396.37
1880	7399.48
1882	7402.55
1884	7405.6
1886	7408.62
1888	7411.61
1890	7414.57
1892	7417.5
1894	7420.4
1896	7423.27
1898	7426.11
1900	7428.92
1902	7432.58
1904	7436.32
1906	7440.03
1908	7443.69
1910	7447.31
1912	7450.89
1914	7454.42
1916	7457.91
1918	7461.36
1920	7464.76
1922	7468.11
1924	7471.43
1926	7474.69
1928	7477.91
1930	7481.09
1932	7484.22
1934	7487.3
1936	7490.34
1938	7493.34
1940	7496.29
1942	7499.2
1944	7502.06
1946	7504.88
1948	7507.66
1950	7510.39
1952	7513.95
1954	7517.58
1956	7521.16
1958	7524.67
1960	7528.12
1962	7531.52
1964	7534.86
1966	7538.14
1968	7541.36
1970	7544.52
1972	7547.62
1974	7550.67
1976	7553.66
1978	7556.59
1980	7559.47
1982	7562.29
1984	7565.06
1986	7567.77
1988	7570.43
1990	7573.04
1992	7575.6
1994	7578.11
1996	7580.57
1998	7582.98
2000	7585.35
Recovery Rate
0	0
2	0.196432
4	0.0677856
6	0.0234988
8	0.00818348
10	0.00286293
12	0.00100615
14	0.000355219
16	0.000125982
18	4.48843e-05
20	1.60641e-05
22	5.77558e-06
24	2.08597e-06
26	7.56817e-07
28	2.75833e-07
30	1.00988e-07
32	3.71421e-08
34	1.37224e-08
36	5.09282e-09
38	1.89869e-09
40	7.11072e-10
42	2.67508e-10
44	1.01093e-10
46	3.83769e-11
48	1.46345e-11
50	5.60588e-12
52	0.216844
54	0.0838165
56	0.0325436
58	0.0126928
60	0.00497281
62	0.00195704
64	0.000773657
66	0.000307218
68	0.000122545
70	4.91012e-05
72	1.97622e-05
74	7.98959e-06
76	3.24458e-06
78	1.32354e-06
80	5.42321e-07
82	2.23213e-07
84	9.22829e-08
86	3.83233e-08
88	1.59861e-08
90	6.69824e-09
92	2.81913e-09
94	1.1918e-09
96	5.06088e-10
98	2.15865e-10
100	9.24845e-11
102	0.239148
104	0.103374
106	0.0448835
108	0.0195744
110	0.00857466
112	0.00377286
114	0.00166743
116	0.0007402
118	0.000330044
120	0.000147814
122	6.64937e-05
124	3.00444e-05
126	1.36353e-05
128	6.21561e-06
130	2.84589e-06
132	1.30878e-06
134	6.04545e-07
136	2.80481e-07
138	1.30705e-07
140	6.1177e-08
142	2.87604e-08
144	1.35803e-08
146	6.4407e-09
148	3.06805e-09
150	1.4679e-09
152	0.263387
154	0.127125
156	0.061627
158	0.0300062
160	0.014674
162	0.00720755
164	0.00355569
166	0.0017618
168	0.000876768
170	0.000438236
172	0.000220001
174	0.000110927
176	5.61743e-05
178	2.85713e-05
180	1.45953e-05
182	7.48829e-06
184	3.8587e-06
186	1.99704e-06
188	1.03805e-06
190	5.41917e-07
192	2.84139e-07
194	1.49628e-07
196	7.91363e-08
198	4.20358e-08
200	2.24255e-08
202	0.289699
204	0.15589
206	0.0842488
208	0.0457281
210	0.0249273
212	0.0136471
214	0.00750376
216	0.00414369
218	0.00229809
220	0.00128001
222	0.00071603
224	0.000402267
226	0.000226968
228	0.000128611
230	7.31911e-05
232	4.18312e-05
234	2.40107e-05
236	1.38411e-05
238	8.01304e-06
240	4.65889e-06
242	2.72036e-06
244	1.59524e-06
246	9.39473e-07
248	5.55644e-07
250	3.30037e-07
252	0.318226
254	0.190632
256	0.114684
258	0.069288
260	0.0420397
262	0.0256158
264	0.0156749
266	0.00963263
268	0.00594471
270	0.00368435
272	0.00229316
274	0.00143334
276	0.000899719
278	0.000567158
280	0.000359038
282	0.000228253
284	0.000145723
286	9.34279e-05
288	6.01535e-05
290	3.88938e-05
292	2.52541e-05
294	1.64671e-05
296	1.07829e-05
298	7.09057e-06
300	4.68229e-06
302	0.349119
304	0.232482
306	0.155462
308	0.104395
310	0.0703972
312	0.0476707
314	0.0324168
316	0.0221364
318	0.0151798
320	0.0104531
322	0.00722835
324	0.00501941
326	0.00350012
328	0.00245092
330	0.00172342
332	0.00121693
334	0.000862889
336	0.000614406
338	0.000439306
340	0.000315421
342	0.000227416
344	0.00016465
346	0.000119704
348	8.73905e-05
350	6.40655e-05
352	0.382569
354	0.282783
356	0.209888
358	0.156427
360	0.117066
362	0.0879719
364	0.0663821
366	0.0502982
368	0.0382692
370	0.0292374
372	0.0224297
374	0.0172782
376	0.013365
378	0.0103807
380	0.00809617
382	0.00634046
384	0.00498599
386	0.00393704
388	0.00312159
390	0.00248524
392	0.00198676
394	0.00159481
396	0.00128545
398	0.00104036
400	0.000845467
402	0.419281
404	0.343514
406	0.282581
408	0.233401
410	0.193564
412	0.161181
414	0.134761
416	0.113132
418	0.0953606
420	0.0807087
422	0.0685865
424	0.0585224
426	0.0501386
428	0.0431308
430	0.0372536
432	0.0323082
434	0.0281334
436	0.0245977
438	0.0215938
440	0.0190338
442	0.0168455
444	0.0149693
446	0.0133561
448	0.0119651
450	0.0107624
452	0.467163
454	0.423577
456	0.385586
458	0.3524
460	0.323355
462	0.297887
464	0.27552
466	0.25585
468	0.238533
470	0.223275
472	0.209829
474	0.197979
476	0.187545
478	0.17837
480	0.170321
482	0.163284
484	0.157162
486	0.151874
488	0.147348
490	0.143528
492	0.140363
494	0.137815
496	0.135851
498	0.134449
500	0.13359
502	0.632285
504	0.633166
506	0.6365
508	0.642325
510	0.650705
512	0.661736
514	0.675544
516	0.692291
518	0.712174
520	0.735432
522	0.762352
524	0.793267
526	0.828574
528	0.86873
530	0.914273
532	0.965823
534	1.0241
536	1.08995
538	1.16433
540	1.24838
542	1.34341
544	1.45093
546	1.57271
548	1.71081
550	1.86762
552	2.58746
554	2.8438
556	3.13569
558	3.46852
560	3.84852
562	4.28288
564	4.77993
566	5.34925
568	6.00185
570	6.75029
572	7.60883
574	8.59353
576	9.72233
578	11.0149
580	12.4927
582	14.1782
584	16.0947
586	18.2647
588	20.7092
590	23.4447
592	26.4816
594	29.8198
596	33.4459
598	37.3284
600	41.4142
602	46.1674
604	50.4414
606	54.5976
608	58.4842
610	61.9383
612	64.7994
614	66.9238
616	68.1993
618	68.5583
620	67.9845
622	66.5154
624	64.2362
626	61.27
628	57.7641
630	53.8756
632	49.7582
634	45.5519
636	41.3763
638	37.3273
640	33.4766
642	29.8731
644	26.5464
646	23.5095
648	20.7632
650	18.2991
652	16.5488
654	14.5448
656	12.7744
658	11.216
660	9.84806
662	8.65001
664	7.60241
666	6.68741
668	5.8888
670	5.19202
672	4.58411
674	4.05362
676	3.59049
678	3.18589
680	2.83216
682	2.52259
684	2.25139
686	2.01353
688	1.80463
690	1.62093
692	1.45917
694	1.31652
696	1.19055
698	1.07912
700	0.980426
702	1.35358
704	1.23544
706	1.13021
708	1.03635
710	0.95251
712	0.877523
714	0.810364
716	0.75014
718	0.696066
720	0.647455
722	0.603706
724	0.564289
726	0.528739
728	0.496649
730	0.467658
732	0.441449
734	0.417742
736	0.396291
738	0.376878
740	0.359309
742	0.343415
744	0.329044
746	0.316063
748	0.304356
750	0.293816
752	0.770264
754	0.747187
756	0.726519
758	0.708101
760	0.691791
762	0.677466
764	0.665018
766	0.654356
768	0.6454
770	0.638086
772	0.63236
774	0.62818
776	0.625516
778	0.624348
780	0.624667
782	0.626473
784	0.629777
786	0.634602
788	0.640979
790	0.648952
792	0.658576
794	0.669917
796	0.683055
798	0.698082
800	0.715107
802	1.24594
804	1.28199
806	1.3219
808	1.36594
810	1.41441
812	1.46765
814	1.52604
816	1.58998
818	1.65994
820	1.73641
822	1.81995
824	1.91117
826	2.01076
828	2.11943
830	2.23802
832	2.36739
834	2.50852
836	2.66245
838	2.83034
840	3.01341
842	3.213
844	3.43054
846	3.66756
848	3.92568
850	4.20661
852	5.04349
854	5.41322
856	5.81322
858	6.24522
860	6.71083
862	7.21149
864	7.74835
866	8.32222
868	8.93345
870	9.5818
872	10.2663
874	10.9851
876	11.7355
878	12.5134
880	13.3137
882	14.1299
884	14.9541
886	15.777
888	16.588
890	17.3756
892	18.127
894	18.8293
896	19.4691
898	20.0336
900	20.5107
902	21.3964
904	21.6701
906	21.8236
908	21.8532
910	21.7581
912	21.5408
914	21.2065
916	20.7633
918	20.2215
920	19.5932
922	18.8914
924	18.1302
926	17.3234
928	16.4848
930	15.627
932	14.7618
934	13.8998
936	13.0501
938	12.2201
940	11.4162
942	10.6432
944	9.90477
946	9.20332
948	8.5404
950	7.91668
952	7.79926
954	7.21701
956	6.67401
958	6.1691
960	5.70082
962	5.26748
964	4.86724
966	4.49817
968	4.15833
970	3.84575
972	3.55852
974	3.29478
976	3.05275
978	2.83074
980	2.62716
982	2.44051
984	2.2694
986	2.11252
988	1.96869
990	1.83679
992	1.71581
994	1.6048
996	1.50292
998	1.40937
1000	1.32345
1002	1.71821
1004	1.6176
1006	1.52482
1008	1.43923
1010	1.36025
1012	1.28736
1014	1.22006
1016	1.15791
1018	1.1005
1020	1.04745
1022	0.998428
1024	0.95311
1026	0.911216
1028	0.872483
1030	0.836674
1032	0.803572
1034	0.772977
1036	0.744709
1038	0.718603
1040	0.694508
1042	0.672287
1044	0.651817
1046	0.632982
1048	0.61568
1050	0.599818
1052	1.07468
1054	1.05011
1056	1.02757
1058	1.00696
1060	0.988178
1062	0.971153
1064	0.955806
1066	0.942072
1068	0.92989
1070	0.919208
1072	0.909979
1074	0.902164
1076	0.895729
1078	0.890645
1080	0.88689
1082	0.884447
1084	0.883304
1086	0.883454
1088	0.884897
1090	0.887636
1092	0.891679
1094	0.897042
1096	0.903744
1098	0.911809
1100	0.921268
1102	1.43726
1104	1.45589
1106	1.47651
1108	1.49918
1110	1.52396
1112	1.55093
1114	1.58017
1116	1.61174
1118	1.64576
1120	1.6823
1122	1.72147
1124	1.76338
1126	1.80814
1128	1.85587
1130	1.90669
1132	1.96074
1134	2.01815
1136	2.07906
1138	2.14362
1140	2.21197
1142	2.28427
1144	2.36066
1146	2.44131
1148	2.52636
1150	2.61595
1152	3.22575
1154	3.34267
1156	3.46454
1158	3.59136
1160	3.72312
1162	3.85974
1164	4.00111
1166	4.1471
1168	4.2975
1170	4.45205
1172	4.61043
1174	4.77228
1176	4.93715
1178	5.10451
1180	5.27378
1182	5.44429
1184	5.61531
1186	5.78602
1188	5.95553
1190	6.1229
1192	6.28711
1194	6.44712
1196	6.60182
1198	6.75008
1200	6.89077
1202	7.53048
1204	7.65899
1206	7.7738
1208	7.87373
1210	7.95775
1212	8.02493
1214	8.07452
1216	8.10596
1218	8.11885
1220	8.113
1222	8.08845
1224	8.0454
1226	7.98427
1228	7.90568
1230	7.8104
1232	7.69937
1234	7.57367
1236	7.43448
1238	7.28308
1240	7.12079
1242	6.94902
1244	6.76914
1246	6.58255
1248	6.39061
1250	6.19464
1252	6.48128
1254	6.26278
1256	6.04253
1258	5.82183
1260	5.60187
1262	5.38374
1264	5.16841
1266	4.95671
1268	4.74937
1270	4.54703
1272	4.3502
1274	4.15928
1276	3.97461
1278	3.79643
1280	3.6249
1282	3.46011
1284	3.30212
1286	3.1509
1288	3.00639
1290	2.86851
1292	2.73711
1294	2.61206
1296	2.49316
1298	2.38024
1300	2.27309
1302	2.65168
1304	2.53333
1306	2.42074
1308	2.31374
1310	2.21214
1312	2.11574
1314	2.02433
1316	1.93772
1318	1.8557
1320	1.77807
1322	1.70463
1324	1.63518
1326	1.56953
1328	1.50749
1330	1.44889
1332	1.39355
1334	1.3413
1336	1.29199
1338	1.24547
1340	1.20158
1342	1.16018
1344	1.12116
1346	1.08438
1348	1.04972
1350	1.01708
1352	1.473
1354	1.42932
1356	1.38788
1358	1.3486
1360	1.31137
1362	1.2761
1364	1.24273
1366	1.21116
1368	1.18132
1370	1.15313
1372	1.12653
1374	1.10144
1376	1.07782
1378	1.05559
1380	1.0347
1382	1.0151
1384	0.996747
1386	0.979583
1388	0.963568
1390	0.948663
1392	0.934829
1394	0.922032
1396	0.910238
1398	0.899417
1400	0.889543
1402	1.37608
1404	1.363
1406	1.35092
1408	1.33984
1410	1.32972
1412	1.32056
1414	1.31234
1416	1.30504
1418	1.29866
1420	1.29318
1422	1.28858
1424	1.28487
1426	1.28203
1428	1.28006
1430	1.27894
1432	1.27868
1434	1.27928
1436	1.28072
1438	1.28301
1440	1.28615
1442	1.29013
1444	1.29497
1446	1.30065
1448	1.30719
1450	1.3146
1452	1.82546
1454	1.83736
1456	1.84991
1458	1.86312
1460	1.87696
1462	1.89143
1464	1.90652
1466	1.92222
1468	1.93852
1470	1.9554
1472	1.97285
1474	1.99087
1476	2.00942
1478	2.0285
1480	2.04809
1482	2.06816
1484	2.0887
1486	2.10967
1488	2.13107
1490	2.15285
1492	2.17499
1494	2.19746
1496	2.22023
1498	2.24326
1500	2.26652
1502	2.79421
1504	2.82188
1506	2.84877
1508	2.8748
1510	2.8999
1512	2.92397
1514	2.94692
1516	2.96868
1518	2.98917
1520	3.00831
1522	3.02602
1524	3.04222
1526	3.05686
1528	3.06987
1530	3.08119
1532	3.09077
1534	3.09856
1536	3.10452
1538	3.10861
1540	3.11081
1542	3.1111
1544	3.10946
1546	3.10589
1548	3.10038
1550	3.09295
1552	3.58192
1554	3.56744
1556	3.54974
1558	3.52888
1560	3.50495
1562	3.47806
1564	3.44832
1566	3.41585
1568	3.3808
1570	3.34331
1572	3.30353
1574	3.26162
1576	3.21775
1578	3.17208
1580	3.12479
1582	3.07605
1584	3.02603
1586	2.9749
1588	2.92282
1590	2.86996
1592	2.81648
1594	2.76253
1596	2.70826
1598	2.65381
1600	2.59931
1602	3.0354
1604	2.96952
1606	2.90319
1608	2.83661
1610	2.76997
1612	2.70345
1614	2.63723
1616	2.57145
1618	2.50626
1620	2.4418
1622	2.37818
1624	2.31551
1626	2.25389
1628	2.19339
1630	2.13409
1632	2.07606
1634	2.01934
1636	1.96399
1638	1.91002
1640	1.85749
1642	1.80639
1644	1.75675
1646	1.70857
1648	1.66185
1650	1.6166
1652	2.06071
1654	2.00437
1656	1.94934
1658	1.89567
1660	1.84337
1662	1.79248
1664	1.74301
1666	1.69497
1668	1.64837
1670	1.6032
1672	1.55945
1674	1.51712
1676	1.4762
1678	1.43666
1680	1.39849
1682	1.36167
1684	1.32616
1686	1.29195
1688	1.25901
1690	1.22731
1692	1.19682
1694	1.16751
1696	1.13935
1698	1.11231
1700	1.08636
1702	1.55128
1704	1.51575
1706	1.48124
1708	1.44775
1710	1.41526
1712	1.38377
1714	1.35327
1716	1.32376
1718	1.29521
1720	1.26762
1722	1.24097
1724	1.21524
1726	1.19042
1728	1.1665
1730	1.14344
1732	1.12125
1734	1.09989
1736	1.07935
1738	1.05962
1740	1.04067
1742	1.02249
1744	1.00505
1746	0.988349
1748	0.972358
1750	0.957064
1752	1.43561
1754	1.41373
1756	1.39238
1758	1.37157
1760	1.3513
1762	1.33158
1764	1.31239
1766	1.29375
1768	1.27565
1770	1.25808
1772	1.24105
1774	1.22455
1776	1.20858
1778	1.19313
1780	1.17821
1782	1.16379
1784	1.14989
1786	1.13649
1788	1.12359
1790	1.11118
1792	1.09926
1794	1.08782
1796	1.07685
1798	1.06636
1800	1.05633
1802	1.54262
1804	1.52847
1806	1.51446
1808	1.50059
1810	1.48689
1812	1.47335
1814	1.45999
1816	1.44681
1818	1.43382
1820	1.42103
1822	1.40844
1824	1.39606
1826	1.3839
1828	1.37196
1830	1.36025
1832	1.34877
1834	1.33752
1836	1.32651
1838	1.31574
1840	1.30521
1842	1.29494
1844	1.28491
1846	1.27513
1848	1.26561
1850	1.25634
1852	1.74398
1854	1.73091
1856	1.71758
1858	1.70402
1860	1.69025
1862	1.67629
1864	1.66216
1866	1.64787
1868	1.63345
1870	1.61892
1872	1.60429
1874	1.58958
1876	1.57482
1878	1.56001
1880	1.54518
1882	1.53034
1884	1.5155
1886	1.50069
1888	1.48592
1890	1.47121
1892	1.45656
1894	1.44199
1896	1.42752
1898	1.41315
1900	1.3989
1902	1.88013
1904	1.86023
1906	1.83988
1908	1.81911
1910	1.79797
1912	1.7765
1914	1.75474
1916	1.73274
1918	1.71053
1920	1.68815
1922	1.66564
1924	1.64305
1926	1.6204
1928	1.59773
1930	1.57507
1932	1.55245
1934	1.52991
1936	1.50748
1938	1.48517
1940	1.46303
1942	1.44106
1944	1.41929
1946	1.39775
1948	1.37646
1950	1.35542
1952	1.82773
1954	1.79881
1956	1.76968
1958	1.74039
1960	1.71101
1962	1.68159
1964	1.65219
1966	1.62285
1968	1.59363
1970	1.56456
1972	1.53569
1974	1.50706
1976	1.4787
1978	1.45065
1980	1.42294
1982	1.3956
1984	1.36865
1986	1.34211
1988	1.31601
1990	1.29037
1992	1.26519
1994	1.2405
1996	1.21631
1998	1.19262
2000	1.16945
Reproduction Rate
0	0
2	0.002
4	0.006
6	0.01
8	0.014
10	0.018
12	0.022
14	0.026
16	0.03
18	0.034
20	0.038
22	0.042
24	0.046
26	0.05
28	0.054
30	0.058
32	0.062
34	0.066
36	0.07
38	0.074
40	0.078
42	0.082
44	0.086
46	0.09
48	0.094
50	0.098
52	0.101999
54	0.105999
56	0.109999
58	0.113999
60	0.117999
62	0.121999
64	0.125999
66	0.129998
68	0.133998
70	0.137998
72	0.141998
74	0.145998
76	0.149998
78	0.153998
80	0.157998
82	0.161998
84	0.165998
86	0.169998
88	0.173998
90	0.177998
92	0.181998
94	0.185998
96	0.189998
98	0.193998
100	0.197998
102	0.201995
104	0.205994
106	0.209993
108	0.213992
110	0.217992
112	0.221992
114	0.225992
116	0.229991
118	0.233991
120	0.237991
122	0.241991
124	0.245991
126	0.249991
128	0.253991
130	0.25799
132	0.26199
134	0.26599
136	0.26999
138	0.27399
140	0.27799
142	0.28199
144	0.285989
146	0.289989
148	0.293989
150	0.297989
152	0.301983
154	0.305979
156	0.309977
158	0.313976
160	0.317975
162	0.321974
164	0.325974
166	0.329973
168	0.333973
170	0.337973
172	0.341972
174	0.345972
176	0.349972
178	0.353971
180	0.357971
182	0.361971
184	0.36597
186	0.36997
188	0.37397
190	0.37797
192	0.381969
194	0.385969
196	0.389969
198	0.393968
200	0.397968
202	0.401956
204	0.405948
206	0.409944
208	0.413941
210	0.417939
212	0.421938
214	0.425937
216	0.429936
218	0.433936
220	0.437935
222	0.441934
224	0.445934
226	0.449933
228	0.453932
230	0.457932
232	0.461931
234	0.465931
236	0.46993
238	0.47393
240	0.477929
242	0.481928
244	0.485928
246	0.489927
248	0.493927
250	0.497926
252	0.501907
254	0.505893
256	0.509884
258	0.513879
260	0.517875
262	0.521872
264	0.52587
266	0.529868
268	0.533867
270	0.537865
272	0.541864
274	0.545863
276	0.549862
278	0.553861
280	0.55786
282	0.561859
284	0.565858
286	0.569857
288	0.573856
290	0.577855
292	0.581854
294	0.585853
296	0.589852
298	0.593851
300	0.59785
302	0.601822
304	0.605799
306	0.609783
308	0.613772
310	0.617764
312	0.621757
314	0.625753
316	0.629749
318	0.633746
320	0.637743
322	0.641741
324	0.645739
326	0.649737
328	0.653735
330	0.657733
332	0.661731
334	0.66573
336	0.669728
338	0.673726
340	0.677724
342	0.681723
344	0.685721
346	0.68972
348	0.693718
350	0.697716
352	0.701676
354	0.705641
356	0.709614
358	0.713593
360	0.717577
362	0.721563
364	0.725553
366	0.729544
368	0.733537
370	0.737531
372	0.741525
374	0.74552
376	0.749516
378	0.753512
380	0.757508
382	0.761505
384	0.765502
386	0.769499
388	0.773496
390	0.777493
392	0.78149
394	0.785487
396	0.789484
398	0.793481
400	0.797479
402	0.801424
404	0.805371
406	0.809327
408	0.813289
410	0.817257
412	0.821229
414	0.825205
416	0.829184
418	0.833166
420	0.837149
422	0.841135
424	0.845121
426	0.849109
428	0.853098
430	0.857088
432	0.861079
434	0.86507
436	0.869062
438	0.873054
440	0.877046
442	0.881039
444	0.885032
446	0.889026
448	0.893019
450	0.897013
452	0.900939
454	0.904861
456	0.908789
458	0.912722
460	0.916659
462	0.9206
464	0.924545
466	0.928493
468	0.932443
470	0.936396
472	0.940351
474	0.944307
476	0.948265
478	0.952225
480	0.956185
482	0.960147
484	0.964109
486	0.968073
488	0.972036
490	0.976001
492	0.979965
494	0.98393
496	0.987895
498	0.99186
500	0.995825
502	0.999702
504	1.00357
506	1.00743
508	1.01129
510	1.01514
512	1.01899
514	1.02284
516	1.02669
518	1.03052
520	1.03436
522	1.03818
524	1.042
526	1.04581
528	1.0496
530	1.05339
532	1.05716
534	1.06092
536	1.06466
538	1.06838
540	1.07209
542	1.07576
544	1.07942
546	1.08304
548	1.08663
550	1.09017
552	1.09357
554	1.09688
556	1.10013
558	1.10329
560	1.10635
562	1.10931
564	1.11214
566	1.11483
568	1.11735
570	1.11968
572	1.12179
574	1.12366
576	1.12523
578	1.12648
580	1.12734
582	1.12777
584	1.12771
586	1.12709
588	1.12583
590	1.12387
592	1.12112
594	1.1175
596	1.11294
598	1.10736
600	1.10072
602	1.09287
604	1.08389
606	1.07383
608	1.06276
610	1.05079
612	1.03809
614	1.02483
616	1.01124
618	0.997553
620	0.983997
622	0.970796
624	0.958148
626	0.946218
628	0.935134
630	0.924983
632	0.915817
634	0.907651
636	0.900475
638	0.894255
640	0.888942
642	0.884474
644	0.880787
646	0.87781
648	0.875475
650	0.873717
652	0.872377
654	0.871493
656	0.871023
658	0.870918
660	0.871135
662	0.871634
664	0.87238
666	0.873342
668	0.874493
670	0.875809
672	0.87727
674	0.878858
676	0.880556
678	0.882352
680	0.884232
682	0.886188
684	0.888208
686	0.890287
688	0.892416
690	0.89459
692	0.896803
694	0.899052
696	0.901331
698	0.903638
700	0.905969
702	0.908214
704	0.910473
706	0.912758
708	0.915066
710	0.917395
712	0.919743
714	0.922108
716	0.924487
718	0.926881
720	0.929286
722	0.931702
724	0.934129
726	0.936564
728	0.939007
730	0.941458
732	0.943915
734	0.946378
736	0.948847
738	0.95132
740	0.953798
742	0.95628
744	0.958765
746	0.961253
748	0.963744
750	0.966238
752	0.968608
754	0.970966
756	0.973328
758	0.975695
760	0.978065
762	0.980438
764	0.982813
766	0.985191
768	0.987569
770	0.989949
772	0.99233
774	0.99471
776	0.99709
778	0.99947
780	1.00185
782	1.00422
784	1.0066
786	1.00897
788	1.01134
790	1.0137
792	1.01606
794	1.01842
796	1.02077
798	1.02311
800	1.02545
802	1.02763
804	1.02978
806	1.03191
808	1.03403
810	1.03613
812	1.03821
814	1.04026
816	1.04229
818	1.0443
820	1.04627
822	1.04822
824	1.05013
826	1.05201
828	1.05384
830	1.05563
832	1.05737
834	1.05906
836	1.06069
838	1.06226
840	1.06376
842	1.06519
844	1.06653
846	1.06779
848	1.06895
850	1.07
852	1.07078
854	1.07139
856	1.07186
858	1.07216
860	1.07229
862	1.07223
864	1.07196
866	1.07148
868	1.07077
870	1.06981
872	1.06859
874	1.0671
876	1.06532
878	1.06325
880	1.06087
882	1.05818
884	1.05517
886	1.05185
888	1.04822
890	1.04428
892	1.04005
894	1.03555
896	1.03079
898	1.02582
900	1.02065
902	1.01517
904	1.00955
906	1.00386
908	0.998138
910	0.99244
912	0.986805
914	0.981277
916	0.975895
918	0.970695
920	0.965708
922	0.960961
924	0.956475
926	0.952268
928	0.948349
930	0.944728
932	0.941405
934	0.938381
936	0.935651
938	0.933209
940	0.931046
942	0.929152
944	0.927513
946	0.926119
948	0.924955
950	0.924008
952	0.923115
954	0.922404
956	0.921882
958	0.921537
960	0.921356
962	0.921327
964	0.921438
966	0.921678
968	0.922038
970	0.922509
972	0.92308
974	0.923745
976	0.924495
978	0.925324
980	0.926224
982	0.927192
984	0.928219
986	0.929303
988	0.930438
990	0.93162
992	0.932845
994	0.93411
996	0.935411
998	0.936746
1000	0.938111
1002	0.939345
1004	0.94059
1006	0.94187
1008	0.94318
1010	0.944518
1012	0.945883
1014	0.947272
1016	0.948683
1018	0.950115
1020	0.951566
1022	0.953035
1024	0.95452
1026	0.95602
1028	0.957534
1030	0.959061
1032	0.9606
1034	0.962149
1036	0.963709
1038	0.965278
1040	0.966856
1042	0.968441
1044	0.970033
1046	0.971632
1048	0.973237
1050	0.974848
1052	0.976285
1054	0.977705
1056	0.979133
1058	0.980567
1060	0.982007
1062	0.983453
1064	0.984903
1066	0.986358
1068	0.987816
1070	0.989276
1072	0.990739
1074	0.992203
1076	0.993669
1078	0.995135
1080	0.996601
1082	0.998066
1084	0.99953
1086	1.00099
1088	1.00245
1090	1.00391
1092	1.00536
1094	1.00681
1096	1.00826
1098	1.0097
1100	1.01113
1102	1.01236
1104	1.01356
1106	1.01474
1108	1.01591
1110	1.01706
1112	1.0182
1114	1.01933
1116	1.02043
1118	1.02152
1120	1.02259
1122	1.02364
1124	1.02466
1126	1.02567
1128	1.02664
1130	1.0276
1132	1.02852
1134	1.02941
1136	1.03027
1138	1.0311
1140	1.03189
1142	1.03265
1144	1.03336
1146	1.03404
1148	1.03467
1150	1.03525
1152	1.03558
1154	1.03581
1156	1.03598
1158	1.03609
1160	1.03613
1162	1.03609
1164	1.03599
1166	1.03581
1168	1.03555
1170	1.03521
1172	1.03479
1174	1.03429
1176	1.0337
1178	1.03302
1180	1.03225
1182	1.03139
1184	1.03045
1186	1.02941
1188	1.02829
1190	1.02707
1192	1.02577
1194	1.02438
1196	1.02291
1198	1.02136
1200	1.01973
1202	1.01782
1204	1.0158
1206	1.01372
1208	1.01158
1210	1.00938
1212	1.00715
1214	1.00489
1216	1.0026
1218	1.00029
1220	0.99798
1222	0.995671
1224	0.993375
1226	0.991099
1228	0.988854
1230	0.986646
1232	0.984483
1234	0.982374
1236	0.980324
1238	0.978341
1240	0.976428
1242	0.974592
1244	0.972836
1246	0.971163
1248	0.969577
1250	0.96808
1252	0.966465
1254	0.964919
1256	0.963474
1258	0.962131
1260	0.960889
1262	0.959748
1264	0.958707
1266	0.957764
1268	0.956917
1270	0.956165
1272	0.955504
1274	0.954933
1276	0.954447
1278	0.954045
1280	0.953724
1282	0.953479
1284	0.953309
1286	0.95321
1288	0.953179
1290	0.953212
1292	0.953308
1294	0.953462
1296	0.953673
1298	0.953937
1300	0.954251
1302	0.9544
1304	0.954574
1306	0.954802
1308	0.95508
1310	0.955407
1312	0.955779
1314	0.956196
1316	0.956653
1318	0.95715
1320	0.957683
1322	0.958252
1324	0.958853
1326	0.959486
1328	0.960149
1330	0.96084
1332	0.961557
1334	0.962299
1336	0.963064
1338	0.963852
1340	0.964661
1342	0.965489
1344	0.966336
1346	0.9672
1348	0.968081
1350	0.968978
1352	0.969662
1354	0.970334
1356	0.971026
1358	0.971737
1360	0.972465
1362	0.97321
1364	0.973971
1366	0.974746
1368	0.975536
1370	0.976339
1372	0.977154
1374	0.97798
1376	0.978818
1378	0.979665
1380	0.980523
1382	0.981389
1384	0.982263
1386	0.983145
1388	0.984034
1390	0.98493
1392	0.985831
1394	0.986738
1396	0.98765
1398	0.988566
1400	0.989486
1402	0.990167
1404	0.990819
1406	0.991476
1408	0.992136
1410	0.992799
1412	0.993465
1414	0.994134
1416	0.994804
1418	0.995476
1420	0.996148
1422	0.996821
1424	0.997494
1426	0.998165
1428	0.998836
1430	0.999505
1432	1.00017
1434	1.00084
1436	1.0015
1438	1.00216
1440	1.00281
1442	1.00346
1444	1.0041
1446	1.00474
1448	1.00537
1450	1.006
1452	1.00636
1454	1.00668
1456	1.00698
1458	1.00728
1460	1.00756
1462	1.00784
1464	1.0081
1466	1.00834
1468	1.00858
1470	1.0088
1472	1.00901
1474	1.0092
1476	1.00938
1478	1.00955
1480	1.0097
1482	1.00983
1484	1.00995
1486	1.01006
1488	1.01014
1490	1.01021
1492	1.01027
1494	1.0103
1496	1.01032
1498	1.01033
1500	1.01031
1502	1.01001
1504	1.00965
1506	1.00928
1508	1.00888
1510	1.00846
1512	1.00802
1514	1.00757
1516	1.00709
1518	1.0066
1520	1.0061
1522	1.00558
1524	1.00504
1526	1.00449
1528	1.00393
1530	1.00336
1532	1.00278
1534	1.00218
1536	1.00158
1538	1.00098
1540	1.00036
1542	0.999744
1544	0.999123
1546	0.9985
1548	0.997875
1550	0.997251
1552	0.996358
1554	0.99543
1556	0.994509
1558	0.993596
1560	0.992693
1562	0.991802
1564	0.990924
1566	0.990063
1568	0.989218
1570	0.988393
1572	0.987588
1574	0.986804
1576	0.986044
1578	0.985307
1580	0.984596
1582	0.983912
1584	0.983254
1586	0.982624
1588	0.982023
1590	0.981451
1592	0.980909
1594	0.980397
1596	0.979915
1598	0.979464
1600	0.979043
1602	0.978381
1604	0.977718
1606	0.977093
1608	0.976505
1610	0.975957
1612	0.975447
1614	0.974975
1616	0.974541
1618	0.974145
1620	0.973787
1622	0.973466
1624	0.973182
1626	0.972934
1628	0.972721
1630	0.972543
1632	0.972399
1634	0.972289
1636	0.972211
1638	0.972165
1640	0.972151
1642	0.972166
1644	0.97221
1646	0.972284
1648	0.972384
1650	0.972512
1652	0.972388
1654	0.972257
1656	0.972159
1658	0.972093
1660	0.972058
1662	0.972054
1664	0.972079
1666	0.972134
1668	0.972216
1670	0.972325
1672	0.972461
1674	0.972622
1676	0.972808
1678	0.973017
1680	0.97325
1682	0.973504
1684	0.97378
1686	0.974077
1688	0.974393
1690	0.974729
1692	0.975083
1694	0.975454
1696	0.975842
1698	0.976247
1700	0.976667
1702	0.976814
1704	0.97694
1706	0.977088
1708	0.977255
1710	0.977443
1712	0.977649
1714	0.977874
1716	0.978116
1718	0.978376
1720	0.978652
1722	0.978945
1724	0.979253
1726	0.979576
1728	0.979913
1730	0.980264
1732	0.980628
1734	0.981005
1736	0.981395
1738	0.981796
1740	0.982208
1742	0.982631
1744	0.983065
1746	0.983508
1748	0.983961
1750	0.984422
1752	0.984592
1754	0.984733
1756	0.984885
1758	0.98505
1760	0.985227
1762	0.985415
1764	0.985615
1766	0.985825
1768	0.986046
1770	0.986278
1772	0.986519
1774	0.98677
1776	0.98703
1778	0.987299
1780	0.987576
1782	0.987862
1784	0.988155
1786	0.988456
1788	0.988765
1790	0.98908
1792	0.989402
1794	0.989731
1796	0.990065
1798	0.990405
1800	0.99075
1802	0.990789
1804	0.990792
1806	0.990802
1808	0.99082
1810	0.990845
1812	0.990877
1814	0.990917
1816	0.990964
1818	0.991018
1820	0.991079
1822	0.991147
1824	0.991221
1826	0.991302
1828	0.99139
1830	0.991484
1832	0.991584
1834	0.99169
1836	0.991802
1838	0.991919
1840	0.992043
1842	0.992171
1844	0.992305
1846	0.992444
1848	0.992588
1850	0.992737
1852	0.992569
1854	0.992363
1856	0.992164
1858	0.991972
1860	0.991788
1862	0.991612
1864	0.991444
1866	0.991283
1868	0.991131
1870	0.990987
1872	0.990852
1874	0.990725
1876	0.990607
1878	0.990497
1880	0.990396
1882	0.990303
1884	0.99022
1886	0.990145
1888	0.990079
1890	0.990021
1892	0.989973
1894	0.989933
1896	0.989901
1898	0.989879
1900	0.989864
1902	0.989531
1904	0.989162
1906	0.988807
1908	0.988464
1910	0.988135
1912	0.987819
1914	0.987518
1916	0.98723
1918	0.986957
1920	0.986698
1922	0.986454
1924	0.986225
1926	0.986011
1928	0.985811
1930	0.985627
1932	0.985457
1934	0.985303
1936	0.985163
1938	0.985038
1940	0.984928
1942	0.984833
1944	0.984752
1946	0.984685
1948	0.984633
1950	0.984595
1952	0.984237
1954	0.98385
1956	0.983484
1958	0.983138
1960	0.982812
1962	0.982506
1964	0.982221
1966	0.981956
1968	0.981712
1970	0.981488
1972	0.981284
1974	0.9811
1976	0.980937
1978	0.980792
1980	0.980668
1982	0.980563
1984	0.980476
1986	0.980409
1988	0.98036
1990	0.980329
1992	0.980316
1994	0.98032
1996	0.980342
1998	0.98038
2000	0.980435
SAVEPER
0	2
Susceptible Population S
0	10000
2	10000
4	10000
6	10000
8	10000
10	10000
12	10000
14	10000
16	10000
18	10000
20	10000
22	10000
24	10000
26	10000
28	10000
30	10000
32	10000
34	10000
36	10000
38	10000
40	10000
42	10000
44	10000
46	10000
48	10000
50	10000
52	9999.93
54	9999.9
56	9999.89
58	9999.89
60	9999.88
62	9999.88
64	9999.88
66	9999.88
68	9999.88
70	9999.88
72	9999.88
74	9999.88
76	9999.88
78	9999.88
80	9999.88
82	9999.88
84	9999.88
86	9999.88
88	9999.88
90	9999.88
92	9999.88
94	9999.88
96	9999.88
98	9999.88
100	9999.88
102	9999.75
104	9999.68
106	9999.65
108	9999.64
110	9999.63
112	9999.63
114	9999.63
116	9999.63
118	9999.63
120	9999.63
122	9999.63
124	9999.63
126	9999.63
128	9999.63
130	9999.63
132	9999.63
134	9999.63
136	9999.63
138	9999.63
140	9999.63
142	9999.63
144	9999.63
146	9999.63
148	9999.63
150	9999.63
152	9999.43
154	9999.31
156	9999.25
158	9999.22
160	9999.21
162	9999.2
164	9999.2
166	9999.19
168	9999.19
170	9999.19
172	9999.19
174	9999.19
176	9999.19
178	9999.19
180	9999.19
182	9999.19
184	9999.19
186	9999.19
188	9999.19
190	9999.19
192	9999.19
194	9999.19
196	9999.19
198	9999.19
200	9999.19
202	9998.91
204	9998.73
206	9998.63
208	9998.58
210	9998.55
212	9998.53
214	9998.52
216	9998.52
218	9998.52
220	9998.51
222	9998.51
224	9998.51
226	9998.51
228	9998.51
230	9998.51
232	9998.51
234	9998.51
236	9998.51
238	9998.51
240	9998.51
242	9998.51
244	9998.51
246	9998.51
248	9998.51
250	9998.51
252	9998.15
254	9997.89
256	9997.73
258	9997.64
260	9997.58
262	9997.54
264	9997.52
266	9997.51
268	9997.5
270	9997.5
272	9997.49
274	9997.49
276	9997.49
278	9997.49
280	9997.49
282	9997.49
284	9997.49
286	9997.49
288	9997.49
290	9997.49
292	9997.49
294	9997.49
296	9997.49
298	9997.49
300	9997.49
302	9997.04
304	9996.68
306	9996.44
308	9996.28
310	9996.17
312	9996.1
314	9996.05
316	9996.01
318	9995.99
320	9995.97
322	9995.96
324	9995.95
326	9995.95
328	9995.94
330	9995.94
332	9995.94
334	9995.94
336	9995.94
338	9995.94
340	9995.94
342	9995.94
344	9995.94
346	9995.94
348	9995.93
350	9995.93
352	9995.39
354	9994.91
356	9994.56
358	9994.3
360	9994.1
362	9993.95
364	9993.84
366	9993.75
368	9993.69
370	9993.64
372	9993.6
374	9993.57
376	9993.55
378	9993.53
380	9993.51
382	9993.5
384	9993.49
386	9993.49
388	9993.48
390	9993.48
392	9993.47
394	9993.47
396	9993.47
398	9993.47
400	9993.47
402	9992.82
404	9992.2
406	9991.69
408	9991.27
410	9990.92
412	9990.62
414	9990.38
416	9990.17
418	9990
420	9989.85
422	9989.72
424	9989.61
426	9989.52
428	9989.44
430	9989.37
432	9989.31
434	9989.26
436	9989.21
438	9989.17
440	9989.14
442	9989.1
444	9989.08
446	9989.05
448	9989.03
450	9989.01
452	9988.23
454	9987.42
456	9986.69
458	9986.01
460	9985.39
462	9984.82
464	9984.29
466	9983.79
468	9983.33
470	9982.9
472	9982.49
474	9982.11
476	9981.74
478	9981.39
480	9981.06
482	9980.74
484	9980.43
486	9980.13
488	9979.84
490	9979.56
492	9979.28
494	9979
496	9978.74
498	9978.47
500	9978.2
502	9977.06
504	9975.8
506	9974.52
508	9973.23
510	9971.92
512	9970.59
514	9969.23
516	9967.83
518	9966.39
520	9964.9
522	9963.35
524	9961.74
526	9960.05
528	9958.28
530	9956.41
532	9954.43
534	9952.34
536	9950.1
538	9947.71
540	9945.14
542	9942.37
544	9939.38
546	9936.13
548	9932.59
550	9928.72
552	9923.49
554	9917.58
556	9911.06
558	9903.84
560	9895.82
562	9886.88
564	9876.9
566	9865.71
568	9853.15
570	9839.01
572	9823.06
574	9805.04
576	9784.63
578	9761.5
580	9735.25
582	9705.46
584	9671.63
586	9633.25
588	9589.74
590	9540.5
592	9484.93
594	9422.42
596	9352.4
598	9274.38
600	9188.01
602	9092.09
604	8987.46
606	8874.6
608	8754.17
610	8627.19
612	8494.98
614	8359.14
616	8221.48
618	8083.9
620	7948.28
622	7816.39
624	7689.79
626	7569.74
628	7457.21
630	7352.81
632	7256.87
634	7169.44
636	7090.36
638	7019.27
640	6955.73
642	6899.18
644	6849.04
646	6804.73
648	6765.65
650	6731.25
652	6700.29
654	6672.99
656	6649.03
658	6627.99
660	6609.52
662	6593.3
664	6579.03
666	6566.48
668	6555.42
670	6545.66
672	6537.04
674	6529.4
676	6522.64
678	6516.63
680	6511.28
682	6506.52
684	6502.26
686	6498.44
688	6495.02
690	6491.94
692	6489.17
694	6486.66
696	6484.4
698	6482.34
700	6480.47
702	6477.99
704	6475.63
706	6473.46
708	6471.47
710	6469.64
712	6467.95
714	6466.39
716	6464.95
718	6463.6
720	6462.35
722	6461.18
724	6460.09
726	6459.06
728	6458.1
730	6457.19
732	6456.33
734	6455.51
736	6454.74
738	6454
740	6453.3
742	6452.63
744	6451.98
746	6451.36
748	6450.76
750	6450.19
752	6448.79
754	6447.32
756	6445.88
758	6444.48
760	6443.11
762	6441.77
764	6440.45
766	6439.15
768	6437.87
770	6436.6
772	6435.34
774	6434.09
776	6432.84
778	6431.59
780	6430.34
782	6429.09
784	6427.83
786	6426.55
788	6425.27
790	6423.96
792	6422.64
794	6421.29
796	6419.91
798	6418.5
800	6417.06
802	6414.66
804	6412.07
806	6409.39
808	6406.62
810	6403.75
812	6400.77
814	6397.67
816	6394.43
818	6391.05
820	6387.51
822	6383.8
824	6379.9
826	6375.79
828	6371.46
830	6366.88
832	6362.04
834	6356.9
836	6351.44
838	6345.64
840	6339.45
842	6332.85
844	6325.81
846	6318.27
848	6310.19
850	6301.54
852	6291.29
854	6280.15
856	6268.17
858	6255.31
860	6241.49
862	6226.63
864	6210.67
866	6193.53
868	6175.14
870	6155.41
872	6134.28
874	6111.69
876	6087.57
878	6061.86
880	6034.54
882	6005.57
884	5974.94
886	5942.66
888	5908.78
890	5873.33
892	5836.41
894	5798.13
896	5758.62
898	5718.05
900	5676.59
902	5633.57
904	5589.97
906	5546.17
908	5502.42
910	5458.96
912	5416.05
914	5373.91
916	5332.76
918	5292.77
920	5254.12
922	5216.94
924	5181.34
926	5147.39
928	5115.15
930	5084.65
932	5055.88
934	5028.84
936	5003.48
938	4979.77
940	4957.65
942	4937.04
944	4917.89
946	4900.1
948	4883.6
950	4868.32
952	4853.39
954	4839.48
956	4826.61
958	4814.72
960	4803.73
962	4793.58
964	4784.2
966	4775.53
968	4767.52
970	4760.11
972	4753.24
974	4746.89
976	4741
978	4735.54
980	4730.46
982	4725.75
984	4721.36
986	4717.27
988	4713.47
990	4709.91
992	4706.58
994	4703.47
996	4700.56
998	4697.82
1000	4695.25
1002	4692.03
1004	4688.89
1006	4685.92
1008	4683.12
1010	4680.47
1012	4677.96
1014	4675.58
1016	4673.31
1018	4671.16
1020	4669.12
1022	4667.16
1024	4665.3
1026	4663.51
1028	4661.8
1030	4660.16
1032	4658.58
1034	4657.06
1036	4655.6
1038	4654.19
1040	4652.82
1042	4651.49
1044	4650.21
1046	4648.96
1048	4647.74
1050	4646.56
1052	4644.55
1054	4642.47
1056	4640.44
1058	4638.44
1060	4636.48
1062	4634.56
1064	4632.66
1066	4630.79
1068	4628.94
1070	4627.11
1072	4625.3
1074	4623.5
1076	4621.72
1078	4619.94
1080	4618.17
1082	4616.4
1084	4614.64
1086	4612.87
1088	4611.1
1090	4609.32
1092	4607.53
1094	4605.74
1096	4603.92
1098	4602.09
1100	4600.24
1102	4597.48
1104	4594.55
1106	4591.58
1108	4588.56
1110	4585.49
1112	4582.37
1114	4579.18
1116	4575.93
1118	4572.61
1120	4569.22
1122	4565.74
1124	4562.18
1126	4558.52
1128	4554.77
1130	4550.91
1132	4546.94
1134	4542.86
1136	4538.65
1138	4534.3
1140	4529.82
1142	4525.19
1144	4520.4
1146	4515.45
1148	4510.32
1150	4505.01
1152	4498.59
1154	4491.81
1156	4484.77
1158	4477.48
1160	4469.92
1162	4462.08
1164	4453.95
1166	4445.53
1168	4436.81
1170	4427.77
1172	4418.41
1174	4408.72
1176	4398.71
1178	4388.35
1180	4377.65
1182	4366.62
1184	4355.24
1186	4343.52
1188	4331.46
1190	4319.06
1192	4306.34
1194	4293.31
1196	4279.97
1198	4266.34
1200	4252.43
1202	4237.37
1204	4221.94
1206	4206.29
1208	4190.45
1210	4174.46
1212	4158.35
1214	4142.15
1216	4125.91
1218	4109.66
1220	4093.44
1222	4077.28
1224	4061.22
1226	4045.3
1228	4029.56
1230	4014.02
1232	3998.71
1234	3983.67
1236	3968.92
1238	3954.49
1240	3940.39
1242	3926.64
1244	3913.26
1246	3900.25
1248	3887.64
1250	3875.42
1252	3862.77
1254	3850.43
1256	3838.54
1258	3827.09
1260	3816.08
1262	3805.5
1264	3795.36
1266	3785.63
1268	3776.31
1270	3767.4
1272	3758.87
1274	3750.72
1276	3742.93
1278	3735.49
1280	3728.4
1282	3721.62
1284	3715.16
1286	3708.99
1288	3703.1
1290	3697.49
1292	3692.13
1294	3687.02
1296	3682.13
1298	3677.47
1300	3673.02
1302	3667.95
1304	3662.99
1306	3658.24
1308	3653.71
1310	3649.38
1312	3645.23
1314	3641.26
1316	3637.46
1318	3633.82
1320	3630.34
1322	3626.99
1324	3623.78
1326	3620.7
1328	3617.74
1330	3614.9
1332	3612.16
1334	3609.52
1336	3606.98
1338	3604.53
1340	3602.17
1342	3599.88
1344	3597.68
1346	3595.54
1348	3593.47
1350	3591.47
1352	3588.68
1354	3585.86
1356	3583.12
1358	3580.46
1360	3577.87
1362	3575.35
1364	3572.89
1366	3570.5
1368	3568.16
1370	3565.88
1372	3563.65
1374	3561.47
1376	3559.34
1378	3557.25
1380	3555.19
1382	3553.18
1384	3551.2
1386	3549.26
1388	3547.35
1390	3545.46
1392	3543.61
1394	3541.77
1396	3539.96
1398	3538.17
1400	3536.4
1402	3533.79
1404	3531.07
1406	3528.38
1408	3525.71
1410	3523.06
1412	3520.43
1414	3517.81
1416	3515.21
1418	3512.62
1420	3510.04
1422	3507.46
1424	3504.9
1426	3502.33
1428	3499.78
1430	3497.22
1432	3494.66
1434	3492.1
1436	3489.54
1438	3486.97
1440	3484.4
1442	3481.81
1444	3479.22
1446	3476.61
1448	3473.99
1450	3471.36
1452	3467.82
1454	3464.14
1456	3460.43
1458	3456.69
1460	3452.92
1462	3449.13
1464	3445.3
1466	3441.45
1468	3437.55
1470	3433.63
1472	3429.67
1474	3425.67
1476	3421.64
1478	3417.56
1480	3413.45
1482	3409.29
1484	3405.1
1486	3400.86
1488	3396.58
1490	3392.26
1492	3387.89
1494	3383.47
1496	3379.01
1498	3374.51
1500	3369.95
1502	3364.46
1504	3358.8
1506	3353.08
1508	3347.3
1510	3341.48
1512	3335.61
1514	3329.7
1516	3323.74
1518	3317.74
1520	3311.71
1522	3305.64
1524	3299.54
1526	3293.42
1528	3287.27
1530	3281.09
1532	3274.9
1534	3268.7
1536	3262.48
1538	3256.26
1540	3250.04
1542	3243.82
1544	3237.6
1546	3231.39
1548	3225.19
1550	3219.01
1552	3211.98
1554	3204.86
1556	3197.78
1558	3190.74
1560	3183.75
1562	3176.81
1564	3169.94
1566	3163.14
1568	3156.41
1570	3149.75
1572	3143.18
1574	3136.69
1576	3130.3
1578	3123.99
1580	3117.78
1582	3111.67
1584	3105.67
1586	3099.76
1588	3093.96
1590	3088.27
1592	3082.68
1594	3077.2
1596	3071.83
1598	3066.57
1600	3061.42
1602	3055.53
1604	3049.65
1606	3043.9
1608	3038.29
1610	3032.81
1612	3027.46
1614	3022.24
1616	3017.15
1618	3012.2
1620	3007.37
1622	3002.67
1624	2998.1
1626	2993.64
1628	2989.31
1630	2985.09
1632	2980.99
1634	2977
1636	2973.12
1638	2969.35
1640	2965.68
1642	2962.11
1644	2958.64
1646	2955.27
1648	2951.99
1650	2948.79
1652	2944.84
1654	2940.89
1656	2937.03
1658	2933.29
1660	2929.65
1662	2926.11
1664	2922.67
1666	2919.32
1668	2916.06
1670	2912.9
1672	2909.82
1674	2906.82
1676	2903.9
1678	2901.07
1680	2898.3
1682	2895.61
1684	2892.99
1686	2890.44
1688	2887.95
1690	2885.52
1692	2883.15
1694	2880.84
1696	2878.59
1698	2876.39
1700	2874.24
1702	2871.29
1704	2868.29
1706	2865.36
1708	2862.49
1710	2859.69
1712	2856.95
1714	2854.27
1716	2851.65
1718	2849.09
1720	2846.57
1722	2844.12
1724	2841.71
1726	2839.35
1728	2837.04
1730	2834.77
1732	2832.55
1734	2830.37
1736	2828.23
1738	2826.12
1740	2824.06
1742	2822.03
1744	2820.04
1746	2818.07
1748	2816.14
1750	2814.24
1752	2811.51
1754	2808.71
1756	2805.94
1758	2803.22
1760	2800.53
1762	2797.89
1764	2795.28
1766	2792.71
1768	2790.17
1770	2787.67
1772	2785.2
1774	2782.77
1776	2780.36
1778	2777.99
1780	2775.65
1782	2773.33
1784	2771.05
1786	2768.79
1788	2766.55
1790	2764.34
1792	2762.15
1794	2759.98
1796	2757.84
1798	2755.72
1800	2753.61
1802	2750.66
1804	2747.62
1806	2744.6
1808	2741.61
1810	2738.65
1812	2735.72
1814	2732.81
1816	2729.93
1818	2727.07
1820	2724.24
1822	2721.43
1824	2718.65
1826	2715.9
1828	2713.16
1830	2710.45
1832	2707.77
1834	2705.1
1836	2702.46
1838	2699.83
1840	2697.23
1842	2694.65
1844	2692.09
1846	2689.55
1848	2687.03
1850	2684.52
1852	2681.17
1854	2677.72
1856	2674.3
1858	2670.9
1860	2667.53
1862	2664.19
1864	2660.88
1866	2657.6
1868	2654.34
1870	2651.12
1872	2647.92
1874	2644.75
1876	2641.62
1878	2638.51
1880	2635.43
1882	2632.39
1884	2629.37
1886	2626.38
1888	2623.42
1890	2620.49
1892	2617.59
1894	2614.72
1896	2611.88
1898	2609.06
1900	2606.28
1902	2602.66
1904	2598.96
1906	2595.29
1908	2591.67
1910	2588.1
1912	2584.56
1914	2581.07
1916	2577.62
1918	2574.22
1920	2570.87
1922	2567.55
1924	2564.29
1926	2561.07
1928	2557.89
1930	2554.76
1932	2551.68
1934	2548.64
1936	2545.64
1938	2542.69
1940	2539.78
1942	2536.92
1944	2534.1
1946	2531.32
1948	2528.59
1950	2525.9
1952	2522.39
1954	2518.82
1956	2515.3
1958	2511.85
1960	2508.45
1962	2505.12
1964	2501.84
1966	2498.62
1968	2495.45
1970	2492.35
1972	2489.31
1974	2486.32
1976	2483.38
1978	2480.51
1980	2477.69
1982	2474.92
1984	2472.2
1986	2469.54
1988	2466.93
1990	2464.38
1992	2461.87
1994	2459.41
1996	2457
1998	2454.63
2000	2452.31
TIME STEP
0	0.25
Total Population P
0	10000
